0.003 -0.007 0 0 0 0 0 9.336 0 
0.003 -0.007 0 0 0 0 0 9.336 0 
0.003 -0.007 0 0 0 0 0 9.335 0 
0.003 -0.007 0 0 0 0 0 9.335 0 
0.004 -0.007 0 0 0 0 0 9.335 0 
0.004 -0.007 0 0 0 0 0 9.335 0 
0.004 -0.007 0 0 0 0 0 9.335 0 
0.004 -0.007 0 0 0 0 0 9.335 0 
0.004 -0.007 0 0 0 0 0 9.334 0 
0.004 -0.007 0 0 0 0 0 9.334 0 
0.004 -0.007 0 0 0 0 0 9.334 0 
0.004 -0.007 0 0 0 0 0 9.334 0 
0.004 -0.007 0 0 0 0 0 9.334 0 
0.004 -0.007 0 0 0 0 0 9.334 0 
0.004 -0.007 0 0 0 0 0 9.333 0 
0.004 -0.007 0 0 0 0 0 9.333 0 
0.004 -0.007 0 0 0 0 0 9.333 0 
0.004 -0.007 0 0 0 0 0 9.333 0 
0.004 -0.007 0 0 0 0 0 9.333 0 
0.004 -0.007 0 0 0 0 0 9.333 0 
0.004 -0.007 0 0 0 0 0 9.332 0 
0.004 -0.007 0 0 0 0 0 9.332 0 
0.004 -0.007 0 0 0 0 0 9.332 0 
0.004 -0.007 0 0 0 0 0 9.332 0 
0.004 -0.007 0 0 0 0 0 9.332 0 
0.004 -0.007 0 0 0 0 0 9.332 0 
0.004 -0.007 0 0 0 0 0 9.331 0 
0.004 -0.007 0 0 0 0 0 9.331 0 
0.004 -0.007 0 0 0 0 0 9.331 0 
0.004 -0.007 0 0 0 0 0 9.331 0 
0.004 -0.007 0 0 0 0 0 9.331 0 
0.004 -0.007 0 0 0 0 0 9.331 0 
0.004 -0.007 0 0 0 0 0 9.33 0 
0.004 -0.007 0 0 0 0 0 9.33 0 
0.038 -0.003 0 0 0 0 0 8.994 0 
0.038 -0.003 0 0 0 0 0 8.994 0 
0.038 -0.003 0 0 0 0 0 8.994 0 
0.038 -0.003 0 0 0 0 0 8.994 0 
0.038 -0.003 0 0 0 0 0 8.993 0 
0.038 -0.003 0 0 0 0 0 8.993 0 
0.038 -0.003 0 0 0 0 0 8.993 0 
0.038 -0.003 0 0 0 0 0 8.993 0 
0.038 -0.003 0 0 0 0 0 8.993 0 
0.038 -0.003 0 0 0 0 0 8.993 0 
0.038 -0.003 0 0 0 0 0 8.993 0 
0.038 -0.003 0 0 0 0 0 8.993 0 
0.038 -0.003 0 0 0 0 0 8.993 0 
0.038 -0.003 0 0 0 0 0 8.993 0 
0.038 -0.003 0 0 0 0 0 8.993 0 
0.038 -0.003 0 0 0 0 0 8.992 0 
0.038 -0.003 0 0 0 0 0 8.992 0 
0.038 -0.003 0 0 0 0 0 8.992 0 
0.038 -0.003 0 0 0 0 0 8.992 0 
0.038 -0.003 0 0 0 0 0 8.992 0 
0.038 -0.003 0 0 0 0 0 8.992 0 
0.038 -0.003 0 0 0 0 0 8.992 0 
0.038 -0.003 0 0 0 0 0 8.992 0 
0.038 -0.003 0 0 0 0 0 8.992 0 
0.038 -0.003 0 0 0 0 0 8.992 0 
0.038 -0.003 0 0 0 0 0 8.992 0 
0.038 -0.003 0 0 0 0 0 8.992 0 
0.038 -0.003 0 0 0 0 0 8.991 0 
0.038 -0.003 0 0 0 0 0 8.991 0 
0.038 -0.003 0 0 0 0 0 8.991 0 
0.038 -0.003 0 0 0 0 0 8.991 0 
0.038 -0.003 0 0 0 0 0 8.991 0 
0.038 -0.003 0 0 0 0 0 8.991 0 
0.038 -0.003 0 0 0 0 0 8.991 0 
0.038 -0.003 0 0 0 0 0 8.991 0 
0.038 -0.003 0 0 0 0 0 8.991 0 
0.038 -0.003 0 0 0 0 0 8.991 0 
0.038 -0.003 0 0 0 0 0 8.991 0 
0.038 -0.003 0 0 0 0 0 8.991 0 
0.038 -0.003 0 0 0 0 0 8.99 0 
0.038 -0.003 0 0 0 0 0 8.99 0 
0.038 -0.003 0 0 0 0 0 8.99 0 
0.038 -0.003 0 0 0 0 0 8.99 0 
0.038 -0.003 0 0 0 0 0 8.99 0 
0.038 -0.003 0 0 0 0 0 8.99 0 
0.038 -0.003 0 0 0 0 0 8.99 0 
0.038 -0.003 0 0 0 0 0 8.99 0 
0.038 -0.003 0 0 0 0 0 8.99 0 
0.038 -0.003 0 0 0 0 0 8.99 0 
0.038 -0.003 0 0 0 0 0 8.99 0 
0.038 -0.003 0 0 0 0 0 8.99 0 
0.038 -0.003 0 0 0 0 0 8.99 0 
0.038 -0.003 0 0 0 0 0 8.989 0 
0.038 -0.003 0 0 0 0 0 8.989 0 
0.038 -0.003 0 0 0 0 0 8.989 0 
0.038 -0.003 0 0 0 0 0 8.989 0 
0.038 -0.003 0 0 0 0 0 8.989 0 
0.038 -0.003 0 0 0 0 0 8.989 0 
0.038 -0.003 0 0 0 0 0 8.989 0 
0.038 -0.003 0 0 0 0 0 8.989 0 
0.038 -0.003 0 0 0 0 0 8.989 0 
0.038 -0.003 0 0 0 0 0 8.989 0 
0.038 -0.003 0 0 0 0 0 8.989 0 
0.038 -0.003 0 0 0 0 0 8.989 0 
0.038 -0.003 0 0 0 0 0 8.989 0 
0.038 -0.003 0 0 0 0 0 8.989 0 
0.038 -0.003 0 0 0 0 0 8.989 0 
0.038 -0.003 0 0 0 0 0 8.988 0 
0.038 -0.003 0 0 0 0 0 8.988 0 
0.038 -0.003 0 0 0 0 0 8.988 0 
0.038 -0.003 0 0 0 0 0 8.988 0 
0.038 -0.003 0 0 0 0 0 8.988 0 
0.038 -0.003 0 0 0 0 0 8.988 0 
0.038 -0.003 0 0 0 0 0 8.988 0 
0.038 -0.003 0 0 0 0 0 8.988 0 
0.038 -0.003 0 0 0 0 0 8.988 0 
0.038 -0.003 0 0 0 0 0 8.988 0 
0.038 -0.003 0 0 0 0 0 8.988 0 
0.038 -0.003 0 0 0 0 0 8.988 0 
0.038 -0.003 0 0 0 0 0 8.988 0 
0.038 -0.003 0 0 0 0 0 8.988 0 
0.038 -0.003 0 0 0 0 0 8.988 0 
0.038 -0.003 0 0 0 0 0 8.988 0 
0.038 -0.003 0 0 0 0 0 8.988 0 
0.038 -0.003 0 0 0 0 0 8.987 0 
0.038 -0.003 0 0 0 0 0 8.987 0 
0.038 -0.003 0 0 0 0 0 8.987 0 
0.038 -0.003 0 0 0 0 0 8.987 0 
0.038 -0.003 0 0 0 0 0 8.987 0 
0.038 -0.003 0 0 0 0 0 8.987 0 
0.038 -0.003 0 0 0 0 0 8.987 0 
0.038 -0.003 0 0 0 0 0 8.987 0 
0.038 -0.003 0 0 0 0 0 8.987 0 
0.038 -0.003 0 0 0 0 0 8.987 0 
0.038 -0.003 0 0 0 0 0 8.987 0 
0.038 -0.003 0 0 0 0 0 8.987 0 
0.038 -0.003 0 0 0 0 0 8.987 0 
0.038 -0.003 0 0 0 0 0 8.987 0 
0.038 -0.003 0 0 0 0 0 8.987 0 
0.038 -0.003 0 0 0 0 0 8.987 0 
0.038 -0.003 0 0 0 0 0 8.987 0 
0.038 -0.003 0 0 0 0 0 8.987 0 
0.038 -0.003 0 0 0 0 0 8.987 0 
0.038 -0.003 0 0 0 0 0 8.987 0 
0.038 -0.003 0 0 0 0 0 8.986 0 
0.038 -0.003 0 0 0 0 0 8.986 0 
0.038 -0.003 0 0 0 0 0 8.986 0 
0.038 -0.003 0 0 0 0 0 8.986 0 
0.038 -0.003 0 0 0 0 0 8.986 0 
0.037 -0.003 0 0 0 0 0 8.986 0 
0.037 -0.003 0 0 0 0 0 8.986 0 
0.037 -0.003 0 0 0 0 0 8.986 0 
0.037 -0.003 0 0 0 0 0 8.986 0 
0.037 -0.003 0 0 0 0 0 8.986 0 
0.037 -0.003 0 0 0 0 0 8.986 0 
0.037 -0.003 0 0 0 0 0 8.986 0 
0.037 -0.003 0 0 0 0 0 8.986 0 
0.037 -0.003 0 0 0 0 0 8.986 0 
0.037 -0.003 0 0 0 0 0 8.986 0 
0.037 -0.003 0 0 0 0 0 8.986 0 
0.037 -0.003 0 0 0 0 0 8.986 0 
0.037 -0.003 0 0 0 0 0 8.986 0 
0.037 -0.003 0 0 0 0 0 8.986 0 
0.037 -0.003 0 0 0 0 0 8.986 0 
0.037 -0.003 0 0 0 0 0 8.986 0 
0.037 -0.003 0 0 0 0 0 8.986 0 
0.037 -0.003 0 0 0 0 0 8.986 0 
0.037 -0.003 0 0 0 0 0 8.985 0 
0.037 -0.003 0 0 0 0 0 8.985 0 
0.037 -0.003 0 0 0 0 0 8.985 0 
0.037 -0.003 0 0 0 0 0 8.985 0 
0.037 -0.003 0 0 0 0 0 8.985 0 
0.037 -0.003 0 0 0 0 0 8.985 0 
0.037 -0.003 0 0 0 0 0 8.985 0 
0.037 -0.003 0 0 0 0 0 8.985 0 
0.037 -0.003 0 0 0 0 0 8.985 0 
0.037 -0.003 0 0 0 0 0 8.985 0 
0.037 -0.003 0 0 0 0 0 8.985 0 
0.037 -0.003 0 0 0 0 0 8.985 0 
0.037 -0.003 0 0 0 0 0 8.985 0 
0.037 -0.003 0 0 0 0 0 8.985 0 
0.037 -0.003 0 0 0 0 0 8.985 0 
0.037 -0.003 0 0 0 0 0 8.985 0 
0.037 -0.003 0 0 0 0 0 8.985 0 
0.037 -0.003 0 0 0 0 0 8.985 0 
0.037 -0.003 0 0 0 0 0 8.985 0 
0.037 -0.003 0 0 0 0 0 8.985 0 
0.037 -0.003 0 0 0 0 0 8.985 0 
0.037 -0.003 0 0 0 0 0 8.985 0 
0.037 -0.003 0 0 0 0 0 8.985 0 
0.037 -0.003 0 0 0 0 0 8.985 0 
0.037 -0.003 0 0 0 0 0 8.985 0 
0.037 -0.003 0 0 0 0 0 8.985 0 
0.037 -0.003 0 0 0 0 0 8.985 0 
0.037 -0.003 0 0 0 0 0 8.985 0 
0.037 -0.003 0 0 0 0 0 8.985 0 
0.037 -0.003 0 0 0 0 0 8.985 0 
0.037 -0.003 0 0 0 0 0 8.985 0 
0.037 -0.003 0 0 0 0 0 8.985 0 
0.037 -0.003 0 0 0 0 0 8.985 0 
0.037 -0.003 0 0 0 0 0 8.985 0 
0.037 -0.003 0 0 0 0 0 8.985 0 
0.037 -0.003 0 0 0 0 0 8.985 0 
0.037 -0.003 0 0 0 0 0 8.985 0 
0.037 -0.003 0 0 0 0 0 8.985 0 
0.037 -0.003 0 0 0 0 0 8.985 0 
0.037 -0.003 0 0 0 0 0 8.985 0 
0.037 -0.003 0 0 0 0 0 8.985 0 
0.037 -0.003 0 0 0 0 0 8.985 0 
0.037 -0.003 0 0 0 0 0 8.985 0 
0.037 -0.003 0 0 0 0 0 8.985 0 
0.037 -0.003 0 0 0 0 0 8.985 0 
0.037 -0.003 0 0 0 0 0 8.985 0 
0.037 -0.003 0 0 0 0 0 8.985 0 
0.037 -0.003 0 0 0 0 0 8.985 0 
0.037 -0.003 0 0 0 0 0 8.985 0 
0.037 -0.003 0 0 0 0 0 8.984 0 
0.036 -0.003 0 0 0 0 0 8.984 0 
0.036 -0.003 0 0 0 0 0 8.984 0 
0.036 -0.003 0 0 0 0 0 8.984 0 
0.036 -0.003 0 0 0 0 0 8.984 0 
0.036 -0.003 0 0 0 0 0 8.984 0 
0.036 -0.003 0 0 0 0 0 8.984 0 
0.036 -0.003 0 0 0 0 0 8.984 0 
0.036 -0.003 0 0 0 0 0 8.984 0 
0.036 -0.003 0 0 0 0 0 8.984 0 
0.036 -0.003 0 0 0 0 0 8.984 0 
0.036 -0.003 0 0 0 0 0 8.984 0 
0.036 -0.003 0 0 0 0 0 8.984 0 
0.036 -0.003 0 0 0 0 0 8.984 0 
0.036 -0.003 0 0 0 0 0 8.984 0 
0.036 -0.003 0 0 0 0 0 8.984 0 
0.036 -0.003 0 0 0 0 0 8.984 0 
0.036 -0.003 0 0 0 0 0 8.984 0 
0.036 -0.003 0 0 0 0 0 8.984 0 
0.036 -0.003 0 0 0 0 0 8.984 0 
0.036 -0.003 0 0 0 0 0 8.984 0 
0.036 -0.003 0 0 0 0 0 8.984 0 
0.036 -0.003 0 0 0 0 0 8.984 0 
0.036 -0.003 0 0 0 0 0 8.984 0 
0.036 -0.003 0 0 0 0 0 8.984 0 
0.036 -0.003 0 0 0 0 0 8.984 0 
0.036 -0.003 0 0 0 0 0 8.984 0 
0.036 -0.003 0 0 0 0 0 8.984 0 
0.036 -0.003 0 0 0 0 0 8.984 0 
0.036 -0.003 0 0 0 0 0 8.984 0 
0.036 -0.003 0 0 0 0 0 8.984 0 
0.036 -0.003 0 0 0 0 0 8.984 0 
0.036 -0.003 0 0 0 0 0 8.984 0 
0.036 -0.003 0 0 0 0 0 8.984 0 
0.036 -0.003 0 0 0 0 0 8.984 0 
0.036 -0.003 0 0 0 0 0 8.985 0 
0.036 -0.003 0 0 0 0 0 8.985 0 
0.036 -0.003 0 0 0 0 0 8.985 0 
0.036 -0.003 0 0 0 0 0 8.985 0 
0.036 -0.003 0 0 0 0 0 8.985 0 
0.036 -0.003 0 0 0 0 0 8.985 0 
0.036 -0.003 0 0 0 0 0 8.985 0 
0.036 -0.003 0 0 0 0 0 8.985 0 
0.036 -0.003 0 0 0 0 0 8.985 0 
0.036 -0.003 0 0 0 0 0 8.985 0 
0.036 -0.003 0 0 0 0 0 8.985 0 
0.036 -0.003 0 0 0 0 0 8.985 0 
0.036 -0.003 0 0 0 0 0 8.985 0 
0.036 -0.003 0 0 0 0 0 8.985 0 
0.036 -0.003 0 0 0 0 0 8.985 0 
0.036 -0.003 0 0 0 0 0 8.985 0 
0.036 -0.003 0 0 0 0 0 8.985 0 
0.036 -0.003 0 0 0 0 0 8.985 0 
0.035 -0.003 0 0 0 0 0 8.985 0 
0.035 -0.003 0 0 0 0 0 8.985 0 
0.035 -0.003 0 0 0 0 0 8.985 0 
0.035 -0.003 0 0 0 0 0 8.985 0 
0.035 -0.003 0 0 0 0 0 8.985 0 
0.035 -0.003 0 0 0 0 0 8.985 0 
0.035 -0.003 0 0 0 0 0 8.985 0 
0.035 -0.003 0 0 0 0 0 8.985 0 
0.035 -0.003 0 0 0 0 0 8.985 0 
0.035 -0.003 0 0 0 0 0 8.985 0 
0.035 -0.003 0 0 0 0 0 8.985 0 
0.035 -0.003 0 0 0 0 0 8.985 0 
0.035 -0.003 0 0 0 0 0 8.985 0 
0.035 -0.003 0 0 0 0 0 8.985 0 
0.035 -0.003 0 0 0 0 0 8.985 0 
0.035 -0.003 0 0 0 0 0 8.985 0 
0.035 -0.003 0 0 0 0 0 8.985 0 
0.035 -0.003 0 0 0 0 0 8.985 0 
0.035 -0.003 0 0 0 0 0 8.985 0 
0.035 -0.003 0 0 0 0 0 8.985 0 
0.035 -0.003 0 0 0 0 0 8.985 0 
0.035 -0.003 0 0 0 0 0 8.985 0 
0.035 -0.003 0 0 0 0 0 8.985 0 
0.035 -0.003 0 0 0 0 0 8.985 0 
0.035 -0.003 0 0 0 0 0 8.985 0 
0.035 -0.003 0 0 0 0 0 8.985 0 
0.035 -0.003 0 0 0 0 0 8.985 0 
0.035 -0.003 0 0 0 0 0 8.985 0 
0.035 -0.003 0 0 0 0 0 8.985 0 
0.035 -0.003 0 0 0 0 0 8.985 0 
0.035 -0.003 0 0 0 0 0 8.985 0 
0.035 -0.003 0 0 0 0 0 8.985 0 
0.035 -0.003 0 0 0 0 0 8.985 0 
0.035 -0.003 0 0 0 0 0 8.985 0 
0.035 -0.003 0 0 0 0 0 8.985 0 
0.035 -0.003 0 0 0 0 0 8.985 0 
0.035 -0.003 0 0 0 0 0 8.985 0 
0.035 -0.003 0 0 0 0 0 8.985 0 
0.035 -0.003 0 0 0 0 0 8.985 0 
0.035 -0.003 0 0 0 0 0 8.985 0 
0.035 -0.003 0 0 0 0 0 8.985 0 
0.035 -0.003 0 0 0 0 0 8.985 0 
0.035 -0.003 0 0 0 0 0 8.985 0 
0.035 -0.003 0 0 0 0 0 8.985 0 
0.035 -0.003 0 0 0 0 0 8.985 0 
0.035 -0.003 0 0 0 0 0 8.985 0 
0.035 -0.003 0 0 0 0 0 8.985 0 
0.035 -0.003 0 0 0 0 0 8.985 0 
0.035 -0.003 0 0 0 0 0 8.985 0 
0.035 -0.003 0 0 0 0 0 8.985 0 
0.035 -0.003 0 0 0 0 0 8.985 0 
0.035 -0.003 0 0 0 0 0 8.985 0 
0.035 -0.003 0 0 0 0 0 8.985 0 
0.035 -0.003 0 0 0 0 0 8.985 0 
0.035 -0.003 0 0 0 0 0 8.985 0 
0.035 -0.003 0 0 0 0 0 8.985 0 
0.035 -0.003 0 0 0 0 0 8.985 0 
0.035 -0.003 0 0 0 0 0 8.985 0 
0.035 -0.003 0 0 0 0 0 8.985 0 
0.035 -0.003 0 0 0 0 0 8.985 0 
0.035 -0.003 0 0 0 0 0 8.985 0 
0.035 -0.003 0 0 0 0 0 8.985 0 
0.035 -0.003 0 0 0 0 0 8.985 0 
0.035 -0.003 0 0 0 0 0 8.985 0 
0.035 -0.003 0 0 0 0 0 8.985 0 
0.035 -0.003 0 0 0 0 0 8.985 0 
0.035 -0.003 0 0 0 0 0 8.985 0 
0.035 -0.003 0 0 0 0 0 8.985 0 
0.035 -0.003 0 0 0 0 0 8.985 0 
0.035 -0.003 0 0 0 0 0 8.985 0 
0.035 -0.003 0 0 0 0 0 8.985 0 
0.035 -0.003 0 0 0 0 0 8.985 0 
0.035 -0.003 0 0 0 0 0 8.985 0 
0.035 -0.003 0 0 0 0 0 8.985 0 
0.035 -0.003 0 0 0 0 0 8.985 0 
0.035 -0.003 0 0 0 0 0 8.985 0 
0.035 -0.003 0 0 0 0 0 8.985 0 
0.035 -0.003 0 0 0 0 0 8.985 0 
0.035 -0.003 0 0 0 0 0 8.985 0 
0.035 -0.003 0 0 0 0 0 8.985 0 
0.035 -0.003 0 0 0 0 0 8.985 0 
0.035 -0.003 0 0 0 0 0 8.985 0 
0.035 -0.003 0 0 0 0 0 8.985 0 
0.035 -0.003 0 0 0 0 0 8.985 0 
0.035 -0.003 0 0 0 0 0 8.985 0 
0.035 -0.003 0 0 0 0 0 8.985 0 
0.035 -0.003 0 0 0 0 0 8.985 0 
0.035 -0.003 0 0 0 0 0 8.985 0 
0.035 -0.003 0 0 0 0 0 8.985 0 
0.035 -0.003 0 0 0 0 0 8.985 0 
0.035 -0.003 0 0 0 0 0 8.985 0 
0.035 -0.003 0 0 0 0 0 8.985 0 
0.035 -0.003 0 0 0 0 0 8.985 0 
0.035 -0.003 0 0 0 0 0 8.985 0 
0.035 -0.003 0 0 0 0 0 8.985 0 
0.035 -0.003 0 0 0 0 0 8.985 0 
0.035 -0.003 0 0 0 0 0 8.985 0 
0.035 -0.003 0 0 0 0 0 8.985 0 
0.035 -0.003 0 0 0 0 0 8.985 0 
0.035 -0.003 0 0 0 0 0 8.985 0 
0.035 -0.003 0 0 0 0 0 8.985 0 
0.035 -0.003 0 0 0 0 0 8.985 0 
0.035 -0.003 0 0 0 0 0 8.985 0 
0.035 -0.003 0 0 0 0 0 8.985 0 
0.035 -0.003 0 0 0 0 0 8.985 0 
0.035 -0.003 0 0 0 0 0 8.985 0 
0.035 -0.003 0 0 0 0 0 8.985 0 
0.035 -0.003 0 0 0 0 0 8.985 0 
0.035 -0.003 0 0 0 0 0 8.985 0 
1.452 -6.184 0 0 0 -0.004 0 0.517 0 
1.4 -3.821 0 0 0 -0.008 0 0.508 0 
1.584 -0.54 0 0 0 -0.015 0 0.477 0 
1.595 1.003 0 0 0 -0.014 0 0.441 0 
6.849 1.855 0 0 0 -0.012 0 0.427 0 
5.996 2.09 0 0 0 -0.006 0 0.407 0 
6.278 2.115 0 0 0 -0.004 0 0.402 0 
6.283 1.915 0 0 0 -0.003 0 0.394 0 
6.291 1.61 0 0 0 -0.003 0 0.389 0 
6.299 0.798 0 0 0 -0.005 0 0.379 0 
6.301 0.42 0 0 0 -0.005 0 0.372 0 
6.3 -0.106 0 0 0 -0.005 0 0.36 0 
6.296 -0.297 0 0 0 -0.004 0 0.35 0 
6.294 -0.294 0 0 0 -0.003 0 0.346 0 
6.291 -0.182 0 0 0 -0.002 0 0.338 0 
6.29 -0.107 0 0 0 -0.002 0 0.335 0 
6.288 0.023 0 0 0 -0.001 0 0.33 0 
6.288 0.066 0 0 0 -0.001 0 0.328 0 
6.288 0.104 0 0 0 -0.001 0 0.326 0 
6.288 0.102 0 0 0 0 0 0.324 0 
6.288 0.076 0 0 0 0 0 0.323 0 
6.288 0.04 0 0 0 0 0 0.323 0 
6.287 0.024 0 0 0 0 0 0.323 0 
6.287 0.001 0 0 0 0 0 0.324 0 
6.286 -0.005 0 0 0 0 0 0.324 0 
6.285 -0.011 0 0 0 0 0 0.326 0 
6.285 -0.012 0 0 0 0 0 0.327 0 
6.284 -0.011 0 0 0 0 0 0.329 0 
6.284 -0.011 0 0 0 0 0 0.329 0 
6.283 -0.011 0 0 0 0 0 0.331 0 
6.282 -0.012 0 0 0 0 0 0.333 0 
6.282 -0.014 0 0 0 0 0 0.334 0 
6.281 -0.017 0 0 0 0 0 0.336 0 
6.28 -0.019 0 0 0 0 0 0.337 0 
6.279 -0.022 0 0 0 0 0 0.338 0 
6.279 -0.023 0 0 0 0 0 0.339 0 
6.278 -0.025 0 0 0 0 0 0.341 0 
6.277 -0.027 0 0 0 0 0 0.343 0 
6.277 -0.027 0 0 0 0 0 0.343 0 
6.276 -0.029 0 0 0 0 0 0.345 0 
6.275 -0.029 0 0 0 0 0 0.345 0 
6.275 -0.03 0 0 0 0 0 0.347 0 
6.274 -0.031 0 0 0 0 0 0.347 0 
6.273 -0.031 0 0 0 0 0 0.349 0 
6.273 -0.032 0 0 0 0 0 0.349 0 
6.272 -0.033 0 0 0 0 0 0.35 0 
6.271 -0.033 0 0 0 0 0 0.351 0 
6.27 -0.034 0 0 0 0 0 0.352 0 
6.269 -0.034 0 0 0 0 0 0.352 0 
6.269 -0.034 0 0 0 0 0 0.353 0 
6.268 -0.035 0 0 0 0 0 0.354 0 
6.267 -0.035 0 0 0 0 0 0.354 0 
6.266 -0.035 0 0 0 0 0 0.355 0 
6.266 -0.035 0 0 0 0 0 0.355 0 
6.265 -0.036 0 0 0 0 0 0.355 0 
6.264 -0.036 0 0 0 0 0 0.356 0 
6.263 -0.036 0 0 0 0 0 0.356 0 
6.262 -0.036 0 0 0 0 0 0.356 0 
6.262 -0.036 0 0 0 0 0 0.356 0 
6.261 -0.036 0 0 0 0 0 0.357 0 
6.26 -0.036 0 0 0 0 0 0.357 0 
6.259 -0.036 0 0 0 0 0 0.357 0 
6.258 -0.036 0 0 0 0 0 0.357 0 
6.257 -0.036 0 0 0 0 0 0.357 0 
6.256 -0.036 0 0 0 0 0 0.357 0 
6.256 -0.036 0 0 0 0 0 0.357 0 
6.254 -0.036 0 0 0 0 0 0.357 0 
6.254 -0.036 0 0 0 0 0 0.357 0 
6.253 -0.036 0 0 0 0 0 0.357 0 
6.252 -0.036 0 0 0 0 0 0.357 0 
6.251 -0.036 0 0 0 0 0 0.357 0 
6.25 -0.036 0 0 0 0 0 0.357 0 
6.249 -0.036 0 0 0 0 0 0.357 0 
6.248 -0.036 0 0 0 0 0 0.357 0 
6.247 -0.036 0 0 0 0 0 0.357 0 
6.246 -0.036 0 0 0 0 0 0.357 0 
6.246 -0.036 0 0 0 0 0 0.357 0 
6.244 -0.036 0 0 0 0 0 0.356 0 
6.243 -0.035 0 0 0 0 0 0.356 0 
6.243 -0.035 0 0 0 0 0 0.356 0 
6.241 -0.035 0 0 0 0 0 0.356 0 
6.241 -0.035 0 0 0 0 0 0.356 0 
6.239 -0.035 0 0 0 0 0 0.355 0 
6.239 -0.035 0 0 0 0 0 0.355 0 
6.237 -0.035 0 0 0 0 0 0.355 0 
6.237 -0.035 0 0 0 0 0 0.355 0 
6.236 -0.035 0 0 0 0 0 0.354 0 
6.234 -0.035 0 0 0 0 0 0.354 0 
5.985 -0.056 0 0 0 0 0 0.354 0 
5.624 -0.081 0 0 0 0 0 0.353 0 
5.362 -0.094 0 0 0 0 0 0.353 0 
3.533 -0.221 0 0 0 0 0 0.353 0 
2.712 -0.262 0 0 0 0 0 0.353 0 
1.259 -0.274 0 0 0 0 0 0.352 0 
0.831 -0.236 0 0 0 0 0 0.352 0 
0.451 -0.1 0 0 0 0 0 0.352 0 
0.194 0.016 0 0 0 0 0 0.352 0 
-0.774 -0.019 0 0 0 0 0 0.351 0 
-0.186 0.096 0 0 0 0 0 0.352 0 
-0.185 0.109 0 0 0 0 0 0.352 0 
-0.185 0.101 0 0 0 0 0 0.352 0 
-0.184 0.087 0 0 0 0 0 0.353 0 
-0.184 0.053 0 0 0 0 0 0.355 0 
-0.184 0.037 0 0 0 0 0 0.356 0 
-0.184 0.014 0 0 0 0.001 0 0.358 0 
-0.184 0.003 0 0 0 0.001 0 0.36 0 
-0.184 0.001 0 0 0 0.001 0 0.362 0 
-0.184 0.001 0 0 0 0.001 0 0.364 0 
-0.184 0.003 0 0 0 0.001 0 0.365 0 
-0.184 0.005 0 0 0 0.001 0 0.368 0 
-0.184 0.006 0 0 0 0.001 0 0.369 0 
-0.184 0.006 0 0 0 0 0 0.371 0 
-0.184 0.005 0 0 0 0 0 0.374 0 
-0.184 0.004 0 0 0 0 0 0.375 0 
-0.184 0.003 0 0 0 0 0 0.377 0 
-0.184 0.002 0 0 0 0 0 0.378 0 
-0.184 0 0 0 0 0 0 0.38 0 
-0.184 0 0 0 0 0 0 0.38 0 
-0.184 0 0 0 0 0 0 0.382 0 
-0.184 0 0 0 0 0 0 0.383 0 
-0.184 0 0 0 0 0 0 0.385 0 
-0.184 0 0 0 0 0 0 0.386 0 
-0.184 0 0 0 0 0 0 0.387 0 
-0.184 0 0 0 0 0 0 0.388 0 
-0.184 0 0 0 0 0 0 0.389 0 
-0.184 0 0 0 0 0 0 0.39 0 
-0.183 0 0 0 0 0 0 0.391 0 
-0.183 0 0 0 0 0 0 0.392 0 
-0.183 0 0 0 0 0 0 0.392 0 
-0.183 0 0 0 0 0 0 0.393 0 
-0.183 0 0 0 0 0 0 0.394 0 
-0.183 0 0 0 0 0 0 0.395 0 
-0.183 0 0 0 0 0 0 0.396 0 
-0.183 0 0 0 0 0 0 0.396 0 
-0.183 0 0 0 0 0 0 0.397 0 
-0.183 0 0 0 0 0 0 0.397 0 
-0.183 0 0 0 0 0 0 0.398 0 
-0.183 0 0 0 0 0 0 0.398 0 
-0.183 0 0 0 0 0 0 0.398 0 
-0.183 0 0 0 0 0 0 0.399 0 
-0.183 0 0 0 0 0 0 0.399 0 
-0.183 0 0 0 0 0 0 0.4 0 
-0.183 0 0 0 0 0 0 0.4 0 
-0.183 0 0 0 0 0 0 0.4 0 
-0.183 0 0 0 0 0 0 0.401 0 
-0.183 0 0 0 0 0 0 0.401 0 
-0.183 0 0 0 0 0 0 0.401 0 
-0.183 0 0 0 0 0 0 0.401 0 
-0.183 0 0 0 0 0 0 0.402 0 
-0.183 0 0 0 0 0 0 0.402 0 
-0.183 0 0 0 0 0 0 0.402 0 
-0.183 0 0 0 0 0 0 0.402 0 
-0.183 0 0 0 0 0 0 0.402 0 
-0.183 0 0 0 0 0 0 0.403 0 
-0.183 0 0 0 0 0 0 0.403 0 
-0.183 0 0 0 0 0 0 0.403 0 
-0.183 0 0 0 0 0 0 0.403 0 
-0.183 0 0 0 0 0 0 0.403 0 
-0.183 0 0 0 0 0 0 0.403 0 
-0.183 0 0 0 0 0 0 0.403 0 
-0.183 0 0 0 0 0 0 0.404 0 
-0.183 0 0 0 0 0 0 0.404 0 
-0.183 0 0 0 0 0 0 0.404 0 
-0.183 0 0 0 0 0 0 0.404 0 
-0.183 0 0 0 0 0 0 0.404 0 
-0.183 0 0 0 0 0 0 0.404 0 
-0.183 0 0 0 0 0 0 0.404 0 
-0.183 0 0 0 0 0 0 0.404 0 
-0.183 0 0 0 0 0 0 0.404 0 
-0.183 0 0 0 0 0 0 0.404 0 
-0.183 0.001 0 0 0 0 0 0.404 0 
-0.183 0.001 0 0 0 0 0 0.404 0 
-0.183 0.001 0 0 0 0 0 0.404 0 
-0.183 0.001 0 0 0 0 0 0.405 0 
-0.183 0.001 0 0 0 0 0 0.405 0 
-0.182 0.001 0 0 0 0 0 0.405 0 
-0.182 0.001 0 0 0 0 0 0.405 0 
-0.182 0.001 0 0 0 0 0 0.405 0 
-0.182 0.001 0 0 0 0 0 0.405 0 
-0.182 0.001 0 0 0 0 0 0.405 0 
-0.182 0.001 0 0 0 0 0 0.405 0 
-0.182 0.001 0 0 0 0 0 0.405 0 
-0.182 0.001 0 0 0 0 0 0.405 0 
-0.182 0.001 0 0 0 0 0 0.405 0 
-0.182 0.001 0 0 0 0 0 0.405 0 
-0.182 0.001 0 0 0 0 0 0.405 0 
-0.182 0.001 0 0 0 0 0 0.405 0 
-0.182 0.001 0 0 0 0 0 0.405 0 
-0.182 0.001 0 0 0 0 0 0.405 0 
-0.182 0.001 0 0 0 0 0 0.405 0 
-0.182 0.001 0 0 0 0 0 0.405 0 
-0.182 0.001 0 0 0 0 0 0.405 0 
-0.182 0.001 0 0 0 0 0 0.405 0 
-0.182 0.001 0 0 0 0 0 0.405 0 
-0.182 0.001 0 0 0 0 0 0.405 0 
-0.182 0.001 0 0 0 0 0 0.405 0 
-0.182 0.001 0 0 0 0 0 0.405 0 
-0.182 0.001 0 0 0 0 0 0.405 0 
-0.182 0.001 0 0 0 0 0 0.405 0 
-0.182 0.001 0 0 0 0 0 0.405 0 
-0.182 0.001 0 0 0 0 0 0.405 0 
-0.182 0.001 0 0 0 0 0 0.405 0 
-0.182 0.001 0 0 0 0 0 0.405 0 
-0.182 0.001 0 0 0 0 0 0.405 0 
-0.182 0.001 0 0 0 0 0 0.405 0 
-0.182 0.001 0 0 0 0 0 0.405 0 
-0.182 0.001 0 0 0 0 0 0.405 0 
-0.182 0.001 0 0 0 0 0 0.405 0 
-0.182 0.001 0 0 0 0 0 0.405 0 
-0.182 0.001 0 0 0 0 0 0.405 0 
-0.182 0.001 0 0 0 0 0 0.405 0 
-0.182 0.001 0 0 0 0 0 0.405 0 
-0.182 0.001 0 0 0 0 0 0.405 0 
-0.182 0.001 0 0 0 0 0 0.406 0 
-0.182 0.001 0 0 0 0 0 0.406 0 
-0.182 0.001 0 0 0 0 0 0.406 0 
-0.182 0.001 0 0 0 0 0 0.406 0 
-0.182 0.001 0 0 0 0 0 0.406 0 
-0.182 0.001 0 0 0 0 0 0.406 0 
-0.182 0.001 0 0 0 0 0 0.406 0 
-0.182 0.001 0 0 0 0 0 0.406 0 
-0.182 0.001 0 0 0 0 0 0.406 0 
-0.182 0.001 0 0 0 0 0 0.406 0 
-0.182 0.001 0 0 0 0 0 0.406 0 
-0.182 0.001 0 0 0 0 0 0.406 0 
-0.182 0.001 0 0 0 0 0 0.406 0 
-0.182 0.001 0 0 0 0 0 0.406 0 
-0.182 0.001 0 0 0 0 0 0.406 0 
-0.182 0.001 0 0 0 0 0 0.406 0 
-0.182 0.001 0 0 0 0 0 0.406 0 
-0.182 0.001 0 0 0 0 0 0.406 0 
-0.182 0.001 0 0 0 0 0 0.406 0 
-0.181 0.001 0 0 0 0 0 0.406 0 
-0.181 0.001 0 0 0 0 0 0.406 0 
-0.181 0.001 0 0 0 0 0 0.406 0 
-0.181 0.001 0 0 0 0 0 0.406 0 
-0.181 0.001 0 0 0 0 0 0.406 0 
-0.181 0.001 0 0 0 0 0 0.406 0 
-0.181 0.001 0 0 0 0 0 0.406 0 
-0.181 0.001 0 0 0 0 0 0.406 0 
-0.181 0.001 0 0 0 0 0 0.406 0 
-0.181 0.001 0 0 0 0 0 0.406 0 
-0.181 0.001 0 0 0 0 0 0.406 0 
-0.181 0.001 0 0 0 0 0 0.406 0 
-0.181 0.001 0 0 0 0 0 0.406 0 
-0.181 0.001 0 0 0 0 0 0.406 0 
-0.181 0.001 0 0 0 0 0 0.406 0 
-0.181 0.001 0 0 0 0 0 0.406 0 
-0.181 0.001 0 0 0 0 0 0.406 0 
-0.181 0.001 0 0 0 0 0 0.406 0 
-0.181 0.001 0 0 0 0 0 0.406 0 
-0.181 0.001 0 0 0 0 0 0.406 0 
-0.181 0.001 0 0 0 0 0 0.406 0 
-0.181 0.001 0 0 0 0 0 0.406 0 
-0.181 0.001 0 0 0 0 0 0.406 0 
-0.181 0.001 0 0 0 0 0 0.406 0 
-0.181 0.001 0 0 0 0 0 0.406 0 
-0.181 0.001 0 0 0 0 0 0.406 0 
-0.181 0.001 0 0 0 0 0 0.406 0 
-0.181 0.001 0 0 0 0 0 0.406 0 
-0.181 0.001 0 0 0 0 0 0.406 0 
-0.181 0.001 0 0 0 0 0 0.406 0 
-0.181 0.001 0 0 0 0 0 0.406 0 
-0.181 0.001 0 0 0 0 0 0.406 0 
-0.181 0.001 0 0 0 0 0 0.406 0 
-0.181 0.001 0 0 0 0 0 0.406 0 
-0.181 0.001 0 0 0 0 0 0.406 0 
-0.181 0.001 0 0 0 0 0 0.406 0 
-0.181 0.001 0 0 0 0 0 0.406 0 
-0.181 0.001 0 0 0 0 0 0.406 0 
-0.181 0.001 0 0 0 0 0 0.406 0 
-0.181 0.001 0 0 0 0 0 0.406 0 
-0.181 0.001 0 0 0 0 0 0.406 0 
-0.181 0.001 0 0 0 0 0 0.406 0 
-0.181 0.001 0 0 0 0 0 0.406 0 
-0.181 0.001 0 0 0 0 0 0.406 0 
-0.181 0.001 0 0 0 0 0 0.406 0 
-0.181 0.001 0 0 0 0 0 0.406 0 
-0.181 0.001 0 0 0 0 0 0.406 0 
-0.181 0.001 0 0 0 0 0 0.406 0 
-0.181 0.001 0 0 0 0 0 0.406 0 
-0.181 0.001 0 0 0 0 0 0.406 0 
-0.181 0.001 0 0 0 0 0 0.406 0 
-0.181 0.001 0 0 0 0 0 0.406 0 
-0.181 0.001 0 0 0 0 0 0.406 0 
-0.181 0.001 0 0 0 0 0 0.406 0 
-0.181 0.001 0 0 0 0 0 0.406 0 
-0.181 0.001 0 0 0 0 0 0.406 0 
-0.181 0.001 0 0 0 0 0 0.406 0 
-0.181 0.001 0 0 0 0 0 0.406 0 
-0.181 0.001 0 0 0 0 0 0.407 0 
-0.18 0.001 0 0 0 0 0 0.407 0 
-0.18 0.001 0 0 0 0 0 0.407 0 
-0.18 0.001 0 0 0 0 0 0.407 0 
-0.18 0.001 0 0 0 0 0 0.407 0 
-0.18 0.001 0 0 0 0 0 0.407 0 
-0.18 0.001 0 0 0 0 0 0.407 0 
-0.18 0.001 0 0 0 0 0 0.407 0 
-0.18 0.001 0 0 0 0 0 0.407 0 
-0.18 0.001 0 0 0 0 0 0.407 0 
-0.18 0.001 0 0 0 0 0 0.407 0 
-0.18 0.001 0 0 0 0 0 0.407 0 
-0.18 0.001 0 0 0 0 0 0.407 0 
-0.18 0.001 0 0 0 0 0 0.407 0 
-0.18 0.001 0 0 0 0 0 0.407 0 
-0.18 0.001 0 0 0 0 0 0.407 0 
-0.18 0.001 0 0 0 0 0 0.407 0 
-0.18 0.001 0 0 0 0 0 0.407 0 
-0.18 0.001 0 0 0 0 0 0.407 0 
-0.18 0.001 0 0 0 0 0 0.407 0 
-0.18 0.001 0 0 0 0 0 0.407 0 
-0.18 0.001 0 0 0 0 0 0.407 0 
-0.18 0.001 0 0 0 0 0 0.407 0 
-0.18 0.001 0 0 0 0 0 0.407 0 
-0.18 0.001 0 0 0 0 0 0.407 0 
-0.18 0.001 0 0 0 0 0 0.407 0 
-0.18 0.001 0 0 0 0 0 0.407 0 
-0.18 0.001 0 0 0 0 0 0.407 0 
-0.18 0.001 0 0 0 0 0 0.407 0 
-0.18 0.001 0 0 0 0 0 0.407 0 
-0.18 0.001 0 0 0 0 0 0.407 0 
-0.18 0.001 0 0 0 0 0 0.407 0 
-0.18 0.001 0 0 0 0 0 0.407 0 
-0.18 0.001 0 0 0 0 0 0.407 0 
-0.18 0.001 0 0 0 0 0 0.407 0 
-0.18 0.001 0 0 0 0 0 0.407 0 
-0.18 0.001 0 0 0 0 0 0.407 0 
-0.18 0.001 0 0 0 0 0 0.407 0 
-0.18 0.001 0 0 0 0 0 0.407 0 
-0.18 0.001 0 0 0 0 0 0.407 0 
-0.18 0.001 0 0 0 0 0 0.407 0 
-0.18 0.001 0 0 0 0 0 0.407 0 
-0.18 0.001 0 0 0 0 0 0.407 0 
-0.18 0.001 0 0 0 0 0 0.407 0 
-0.18 0.001 0 0 0 0 0 0.407 0 
-0.18 0.001 0 0 0 0 0 0.407 0 
-0.18 0.001 0 0 0 0 0 0.407 0 
-0.18 0.001 0 0 0 0 0 0.407 0 
-0.18 0.001 0 0 0 0 0 0.407 0 
-0.18 0.001 0 0 0 0 0 0.407 0 
-0.18 0.001 0 0 0 0 0 0.407 0 
-0.103 0.006 0 0 0 0 0 0.407 0 
-0.103 0.005 0 0 0 0 0 0.407 0 
-0.102 0.002 0 0 0 0 0 0.407 0 
-0.102 0 0 0 0 0 0 0.407 0 
-0.102 -0.001 0 0 0 0 0 0.407 0 
-0.102 -0.001 0 0 0 0 0 0.407 0 
-0.102 -0.001 0 0 0 0 0 0.407 0 
-0.102 -0.001 0 0 0 0 0 0.407 0 
-0.102 0 0 0 0 0 0 0.407 0 
-0.102 0 0 0 0 0 0 0.407 0 
-0.102 0 0 0 0 0 0 0.407 0 
-0.102 0 0 0 0 0 0 0.407 0 
-0.102 0 0 0 0 0 0 0.407 0 
-0.102 0 0 0 0 0 0 0.407 0 
-0.102 0 0 0 0 0 0 0.407 0 
-0.102 0 0 0 0 0 0 0.407 0 
-0.102 0 0 0 0 0 0 0.407 0 
-0.102 0 0 0 0 0 0 0.407 0 
-0.102 0 0 0 0 0 0 0.407 0 
-0.102 0 0 0 0 0 0 0.407 0 
-0.102 0 0 0 0 0 0 0.407 0 
-0.102 0 0 0 0 0 0 0.407 0 
-0.102 0 0 0 0 0 0 0.407 0 
-0.102 0 0 0 0 0 0 0.407 0 
-0.102 0 0 0 0 0 0 0.407 0 
-0.102 0 0 0 0 0 0 0.407 0 
-0.102 0 0 0 0 0 0 0.407 0 
-0.102 0 0 0 0 0 0 0.407 0 
-0.102 0 0 0 0 0 0 0.407 0 
-0.102 0 0 0 0 0 0 0.407 0 
-0.102 0 0 0 0 0 0 0.407 0 
-0.102 0 0 0 0 0 0 0.407 0 
-0.102 0 0 0 0 0 0 0.407 0 
-0.102 0 0 0 0 0 0 0.407 0 
-0.102 0 0 0 0 0 0 0.407 0 
-0.102 0 0 0 0 0 0 0.407 0 
-0.102 0 0 0 0 0 0 0.407 0 
-0.102 0 0 0 0 0 0 0.407 0 
-0.102 0 0 0 0 0 0 0.407 0 
-0.102 0 0 0 0 0 0 0.407 0 
-0.102 0 0 0 0 0 0 0.407 0 
-0.102 0 0 0 0 0 0 0.407 0 
-0.102 0 0 0 0 0 0 0.407 0 
-0.102 0 0 0 0 0 0 0.407 0 
-0.102 0 0 0 0 0 0 0.407 0 
-0.102 0 0 0 0 0 0 0.407 0 
-0.102 0 0 0 0 0 0 0.407 0 
-0.102 0 0 0 0 0 0 0.407 0 
-0.102 0 0 0 0 0 0 0.407 0 
-0.102 0 0 0 0 0 0 0.407 0 
-0.102 0 0 0 0 0 0 0.407 0 
-0.102 0 0 0 0 0 0 0.407 0 
-0.102 0 0 0 0 0 0 0.407 0 
-0.102 0 0 0 0 0 0 0.407 0 
-0.102 0 0 0 0 0 0 0.407 0 
-0.102 0 0 0 0 0 0 0.407 0 
-0.102 0 0 0 0 0 0 0.407 0 
-0.102 0 0 0 0 0 0 0.407 0 
-0.102 0 0 0 0 0 0 0.407 0 
-0.102 0 0 0 0 0 0 0.407 0 
-0.102 0 0 0 0 0 0 0.407 0 
-0.102 0 0 0 0 0 0 0.407 0 
-0.102 0 0 0 0 0 0 0.407 0 
-0.102 0 0 0 0 0 0 0.407 0 
-0.102 0 0 0 0 0 0 0.407 0 
-0.102 0 0 0 0 0 0 0.407 0 
-0.102 0 0 0 0 0 0 0.407 0 
-0.102 0 0 0 0 0 0 0.407 0 
-0.102 0 0 0 0 0 0 0.407 0 
-0.102 0 0 0 0 0 0 0.407 0 
-0.102 0 0 0 0 0 0 0.407 0 
-0.102 0 0 0 0 0 0 0.407 0 
-0.102 0 0 0 0 0 0 0.407 0 
-0.102 0 0 0 0 0 0 0.407 0 
-0.102 0 0 0 0 0 0 0.407 0 
-0.102 0 0 0 0 0 0 0.407 0 
-0.102 0 0 0 0 0 0 0.407 0 
-0.102 0 0 0 0 0 0 0.407 0 
-0.102 0 0 0 0 0 0 0.407 0 
-0.102 0 0 0 0 0 0 0.407 0 
-0.102 0 0 0 0 0 0 0.407 0 
-0.102 0 0 0 0 0 0 0.407 0 
-0.102 0 0 0 0 0 0 0.407 0 
-0.102 0 0 0 0 0 0 0.407 0 
-0.102 0 0 0 0 0 0 0.407 0 
-0.102 0 0 0 0 0 0 0.407 0 
-0.102 0 0 0 0 0 0 0.407 0 
-0.102 0 0 0 0 0 0 0.407 0 
-0.102 0 0 0 0 0 0 0.407 0 
-0.102 0 0 0 0 0 0 0.407 0 
-0.102 0 0 0 0 0 0 0.407 0 
-0.102 0 0 0 0 0 0 0.407 0 
-0.102 0 0 0 0 0 0 0.407 0 
-0.102 0 0 0 0 0 0 0.407 0 
-0.102 0 0 0 0 0 0 0.407 0 
-0.102 0 0 0 0 0 0 0.407 0 
-0.102 0 0 0 0 0 0 0.407 0 
-0.102 0 0 0 0 0 0 0.407 0 
-0.102 0 0 0 0 0 0 0.407 0 
-0.102 0 0 0 0 0 0 0.407 0 
-0.102 0 0 0 0 0 0 0.407 0 
-0.102 0 0 0 0 0 0 0.407 0 
-0.102 0 0 0 0 0 0 0.407 0 
-0.102 0 0 0 0 0 0 0.407 0 
-0.102 0 0 0 0 0 0 0.407 0 
-0.102 0 0 0 0 0 0 0.407 0 
-0.102 0 0 0 0 0 0 0.407 0 
-0.102 0 0 0 0 0 0 0.407 0 
-0.102 0 0 0 0 0 0 0.407 0 
-0.102 0 0 0 0 0 0 0.407 0 
-0.102 0 0 0 0 0 0 0.407 0 
-0.102 0 0 0 0 0 0 0.407 0 
-0.102 0 0 0 0 0 0 0.407 0 
-0.102 0 0 0 0 0 0 0.407 0 
-0.102 0 0 0 0 0 0 0.407 0 
-0.102 0 0 0 0 0 0 0.407 0 
-0.102 0 0 0 0 0 0 0.407 0 
-0.102 0 0 0 0 0 0 0.407 0 
-0.102 0 0 0 0 0 0 0.407 0 
-0.102 0 0 0 0 0 0 0.407 0 
-0.102 0 0 0 0 0 0 0.407 0 
-0.102 0 0 0 0 0 0 0.407 0 
-0.102 0 0 0 0 0 0 0.407 0 
-0.102 0 0 0 0 0 0 0.407 0 
-0.102 0 0 0 0 0 0 0.407 0 
-0.102 0 0 0 0 0 0 0.407 0 
-0.102 0 0 0 0 0 0 0.407 0 
-0.102 0 0 0 0 0 0 0.407 0 
-0.102 0 0 0 0 0 0 0.407 0 
-0.102 0 0 0 0 0 0 0.407 0 
-0.102 0 0 0 0 0 0 0.407 0 
-0.102 0 0 0 0 0 0 0.407 0 
-0.102 0 0 0 0 0 0 0.407 0 
-0.102 0 0 0 0 0 0 0.407 0 
-0.102 0 0 0 0 0 0 0.407 0 
-0.102 0 0 0 0 0 0 0.407 0 
-0.102 0 0 0 0 0 0 0.407 0 
-0.102 0 0 0 0 0 0 0.407 0 
-0.102 0 0 0 0 0 0 0.407 0 
-0.102 0 0 0 0 0 0 0.407 0 
-0.102 0 0 0 0 0 0 0.407 0 
-0.102 0 0 0 0 0 0 0.407 0 
-0.102 0 0 0 0 0 0 0.407 0 
-0.102 0 0 0 0 0 0 0.407 0 
-0.102 0 0 0 0 0 0 0.407 0 
-0.102 0 0 0 0 0 0 0.407 0 
-0.102 0 0 0 0 0 0 0.407 0 
-0.102 0 0 0 0 0 0 0.407 0 
-0.102 0 0 0 0 0 0 0.407 0 
-0.102 0 0 0 0 0 0 0.407 0 
-0.102 0 0 0 0 0 0 0.407 0 
-0.102 0 0 0 0 0 0 0.407 0 
-0.102 0 0 0 0 0 0 0.407 0 
-0.102 0 0 0 0 0 0 0.407 0 
-0.102 0 0 0 0 0 0 0.407 0 
-0.102 0 0 0 0 0 0 0.407 0 
-0.102 0 0 0 0 0 0 0.407 0 
-0.102 0 0 0 0 0 0 0.407 0 
-0.102 0 0 0 0 0 0 0.407 0 
-0.102 0 0 0 0 0 0 0.407 0 
-0.102 0 0 0 0 0 0 0.407 0 
-0.102 0 0 0 0 0 0 0.407 0 
-0.102 0 0 0 0 0 0 0.407 0 
-0.102 0 0 0 0 0 0 0.407 0 
-0.102 0 0 0 0 0 0 0.407 0 
-0.102 0 0 0 0 0 0 0.407 0 
-0.102 0 0 0 0 0 0 0.407 0 
-0.102 0 0 0 0 0 0 0.407 0 
-0.102 0 0 0 0 0 0 0.407 0 
-0.102 0 0 0 0 0 0 0.407 0 
-0.102 0 0 0 0 0 0 0.407 0 
-0.102 0 0 0 0 0 0 0.407 0 
-0.102 0 0 0 0 0 0 0.407 0 
-0.102 0 0 0 0 0 0 0.407 0 
-0.102 0 0 0 0 0 0 0.407 0 
-0.102 0 0 0 0 0 0 0.407 0 
-0.102 0 0 0 0 0 0 0.407 0 
-0.102 0 0 0 0 0 0 0.407 0 
-0.102 0 0 0 0 0 0 0.407 0 
-0.102 0 0 0 0 0 0 0.407 0 
-0.102 0 0 0 0 0 0 0.407 0 
-0.102 0 0 0 0 0 0 0.407 0 
-0.102 0 0 0 0 0 0 0.407 0 
-0.102 0 0 0 0 0 0 0.407 0 
-0.102 0 0 0 0 0 0 0.407 0 
-0.102 0 0 0 0 0 0 0.407 0 
-0.102 0 0 0 0 0 0 0.407 0 
-0.102 0 0 0 0 0 0 0.407 0 
-0.102 0 0 0 0 0 0 0.407 0 
-0.102 0 0 0 0 0 0 0.407 0 
-0.102 0 0 0 0 0 0 0.407 0 
-0.102 0 0 0 0 0 0 0.407 0 
-0.102 0 0 0 0 0 0 0.407 0 
-0.102 0 0 0 0 0 0 0.407 0 
-0.102 0 0 0 0 0 0 0.407 0 
-0.102 0 0 0 0 0 0 0.407 0 
-0.102 0 0 0 0 0 0 0.407 0 
-0.102 0 0 0 0 0 0 0.407 0 
-0.102 0 0 0 0 0 0 0.407 0 
-0.102 0 0 0 0 0 0 0.407 0 
-0.102 0 0 0 0 0 0 0.407 0 
-0.102 0 0 0 0 0 0 0.407 0 
-0.102 0 0 0 0 0 0 0.407 0 
-0.102 0 0 0 0 0 0 0.407 0 
-0.102 0 0 0 0 0 0 0.407 0 
-0.102 0 0 0 0 0 0 0.407 0 
-0.102 0 0 0 0 0 0 0.407 0 
-0.102 0 0 0 0 0 0 0.407 0 
-0.102 0 0 0 0 0 0 0.407 0 
-0.102 0 0 0 0 0 0 0.407 0 
-0.102 0 0 0 0 0 0 0.407 0 
-0.102 0 0 0 0 0 0 0.407 0 
-0.102 0 0 0 0 0 0 0.407 0 
-0.102 0 0 0 0 0 0 0.407 0 
-0.102 0 0 0 0 0 0 0.407 0 
-0.102 0 0 0 0 0 0 0.407 0 
-0.102 0 0 0 0 0 0 0.407 0 
-0.102 0 0 0 0 0 0 0.407 0 
-0.102 0 0 0 0 0 0 0.407 0 
-0.102 0 0 0 0 0 0 0.407 0 
-0.102 0 0 0 0 0 0 0.407 0 
-0.102 0 0 0 0 0 0 0.407 0 
-0.102 0 0 0 0 0 0 0.407 0 
-0.102 0 0 0 0 0 0 0.407 0 
-0.102 0 0 0 0 0 0 0.407 0 
-0.102 0 0 0 0 0 0 0.407 0 
-0.102 0 0 0 0 0 0 0.407 0 
-0.102 0 0 0 0 0 0 0.407 0 
-0.102 0 0 0 0 0 0 0.407 0 
-0.102 0 0 0 0 0 0 0.407 0 
-0.102 0 0 0 0 0 0 0.407 0 
-0.102 0 0 0 0 0 0 0.407 0 
-0.102 0 0 0 0 0 0 0.407 0 
-0.102 0 0 0 0 0 0 0.407 0 
-0.102 0 0 0 0 0 0 0.407 0 
-0.102 0 0 0 0 0 0 0.407 0 
-0.102 0 0 0 0 0 0 0.407 0 
-0.102 0 0 0 0 0 0 0.407 0 
-0.102 0 0 0 0 0 0 0.407 0 
-0.102 0 0 0 0 0 0 0.407 0 
-0.102 0 0 0 0 0 0 0.407 0 
-0.102 0 0 0 0 0 0 0.407 0 
-0.102 0 0 0 0 0 0 0.407 0 
-0.102 0 0 0 0 0 0 0.407 0 
-0.102 0 0 0 0 0 0 0.407 0 
-0.102 0 0 0 0 0 0 0.407 0 
-0.102 0 0 0 0 0 0 0.407 0 
-0.102 0 0 0 0 0 0 0.407 0 
-0.102 0 0 0 0 0 0 0.407 0 
-0.102 0 0 0 0 0 0 0.407 0 
-0.102 0 0 0 0 0 0 0.407 0 
-0.102 0 0 0 0 0 0 0.407 0 
-0.102 0 0 0 0 0 0 0.407 0 
-0.102 0 0 0 0 0 0 0.407 0 
-0.102 0 0 0 0 0 0 0.407 0 
-0.102 0 0 0 0 0 0 0.407 0 
-0.102 0 0 0 0 0 0 0.407 0 
-0.102 0 0 0 0 0 0 0.407 0 
-0.102 0 0 0 0 0 0 0.407 0 
-0.102 0 0 0 0 0 0 0.407 0 
-0.102 0 0 0 0 0 0 0.407 0 
-0.102 0 0 0 0 0 0 0.407 0 
-0.102 0 0 0 0 0 0 0.407 0 
-0.102 0 0 0 0 0 0 0.407 0 
-0.102 0 0 0 0 0 0 0.407 0 
-0.102 0 0 0 0 0 0 0.407 0 
-0.102 0 0 0 0 0 0 0.407 0 
-0.102 0 0 0 0 0 0 0.407 0 
-0.102 0 0 0 0 0 0 0.407 0 
-0.102 0 0 0 0 0 0 0.407 0 
-0.102 0 0 0 0 0 0 0.407 0 
0 0 0 0 0 0 0 0.521 0 
1.4 -3.821 0 0 0 -0.008 0 0.508 0 
1.395 -1.89 0 0 0 -0.013 0 0.494 0 
1.591 0.386 0 0 0 -0.016 0 0.458 0 
6.849 1.855 0 0 0 -0.012 0 0.427 0 
-0.171 1.461 0 0 0 -0.009 0 0.415 0 
-0.17 1.59 0 0 0 -0.003 0 0.402 0 
-0.169 1.568 0 0 0 -0.002 0 0.4 0 
-0.167 1.437 0 0 0 -0.001 0 0.396 0 
-0.163 1.306 0 0 0 -0.002 0 0.394 0 
-0.155 0.804 0 0 0 -0.003 0 0.387 0 
-0.152 0.534 0 0 0 -0.004 0 0.382 0 
-0.152 0.111 0 0 0 -0.004 0 0.372 0 
-0.153 -0.087 0 0 0 -0.003 0 0.362 0 
-0.155 -0.111 0 0 0 -0.003 0 0.358 0 
-0.157 -0.065 0 0 0 -0.002 0 0.352 0 
-0.158 -0.019 0 0 0 -0.001 0 0.35 0 
-0.158 0.07 0 0 0 0 0 0.348 0 
-0.158 0.103 0 0 0 0 0 0.347 0 
-0.158 0.135 0 0 0 0 0 0.347 0 
-0.157 0.131 0 0 0 0 0 0.348 0 
-0.157 0.12 0 0 0 0 0 0.349 0 
-0.157 0.092 0 0 0 0.001 0 0.351 0 
-0.157 0.079 0 0 0 0.001 0 0.352 0 
-0.157 0.058 0 0 0 0.001 0 0.355 0 
-0.157 0.051 0 0 0 0.001 0 0.357 0 
-0.157 0.043 0 0 0 0.001 0 0.36 0 
-0.157 0.041 0 0 0 0.001 0 0.362 0 
-0.157 0.04 0 0 0 0.001 0 0.366 0 
-0.157 0.039 0 0 0 0.001 0 0.369 0 
-0.157 0.038 0 0 0 0.001 0 0.371 0 
-0.157 0.036 0 0 0 0.001 0 0.375 0 
-0.157 0.034 0 0 0 0.001 0 0.376 0 
-0.157 0.031 0 0 0 0.001 0 0.38 0 
-0.157 0.029 0 0 0 0.001 0 0.381 0 
-0.157 0.026 0 0 0 0.001 0 0.384 0 
-0.156 0.025 0 0 0 0.001 0 0.386 0 
-0.156 0.022 0 0 0 0.001 0 0.389 0 
-0.156 0.02 0 0 0 0.001 0 0.391 0 
-0.156 0.019 0 0 0 0.001 0 0.393 0 
-0.156 0.018 0 0 0 0.001 0 0.395 0 
-0.156 0.017 0 0 0 0.001 0 0.397 0 
-0.156 0.016 0 0 0 0 0 0.399 0 
-0.156 0.015 0 0 0 0 0 0.4 0 
-0.156 0.014 0 0 0 0 0 0.402 0 
-0.156 0.013 0 0 0 0 0 0.404 0 
-0.156 0.012 0 0 0 0 0 0.405 0 
-0.156 0.011 0 0 0 0 0 0.407 0 
-0.156 0.011 0 0 0 0 0 0.407 0 
-0.156 0.01 0 0 0 0 0 0.409 0 
-0.156 0.009 0 0 0 0 0 0.41 0 
-0.156 0.008 0 0 0 0 0 0.411 0 
-0.156 0.008 0 0 0 0 0 0.412 0 
-0.156 0.008 0 0 0 0 0 0.413 0 
-0.156 0.007 0 0 0 0 0 0.414 0 
-0.156 0.007 0 0 0 0 0 0.415 0 
-0.313 0.008 0 0 0 0 0 0.416 0 
-0.313 0.007 0 0 0 0 0 0.416 0 
-0.313 0.007 0 0 0 0 0 0.417 0 
-0.313 0.006 0 0 0 0 0 0.418 0 
-0.313 0.006 0 0 0 0 0 0.418 0 
-0.313 0.006 0 0 0 0 0 0.419 0 
-0.313 0.005 0 0 0 0 0 0.419 0 
-0.313 0.005 0 0 0 0 0 0.42 0 
-0.313 0.005 0 0 0 0 0 0.42 0 
-0.313 0.005 0 0 0 0 0 0.421 0 
0 0.005 0 0 0 0 0 0.421 0 
0 0.004 0 0 0 0 0 0.422 0 
0 0.003 0 0 0 0 0 0.422 0 
0 0.002 0 0 0 0 0 0.422 0 
0 0.001 0 0 0 0 0 0.423 0 
0 0.001 0 0 0 0 0 0.423 0 
0 0.001 0 0 0 0 0 0.423 0 
0 0.001 0 0 0 0 0 0.424 0 
0 0.001 0 0 0 0 0 0.424 0 
0 0.001 0 0 0 0 0 0.424 0 
0 0.001 0 0 0 0 0 0.424 0 
0 0.001 0 0 0 0 0 0.424 0 
0 0.001 0 0 0 0 0 0.425 0 
0 0.001 0 0 0 0 0 0.425 0 
0 0 0 0 0 0 0 0.425 0 
0 0 0 0 0 0 0 0.425 0 
0 0 0 0 0 0 0 0.425 0 
0 0 0 0 0 0 0 0.425 0 
0 0 0 0 0 0 0 0.426 0 
0 0 0 0 0 0 0 0.426 0 
0 0 0 0 0 0 0 0.426 0 
0 0 0 0 0 0 0 0.426 0 
0 0 0 0 0 0 0 0.426 0 
0 0 0 0 0 0 0 0.426 0 
0 0 0 0 0 0 0 0.426 0 
0 0 0 0 0 0 0 0.426 0 
0 0 0 0 0 0 0 0.426 0 
0 0 0 0 0 0 0 0.426 0 
0 0 0 0 0 0 0 0.426 0 
0 0 0 0 0 0 0 0.426 0 
0 0 0 0 0 0 0 0.427 0 
0 0 0 0 0 0 0 0.427 0 
0 0 0 0 0 0 0 0.427 0 
0 0 0 0 0 0 0 0.427 0 
0 0 0 0 0 0 0 0.427 0 
0 0 0 0 0 0 0 0.427 0 
0 0 0 0 0 0 0 0.427 0 
0 0 0 0 0 0 0 0.427 0 
0 0 0 0 0 0 0 0.427 0 
0 0 0 0 0 0 0 0.427 0 
0 0 0 0 0 0 0 0.427 0 
0 0 0 0 0 0 0 0.427 0 
0 0 0 0 0 0 0 0.427 0 
0 0 0 0 0 0 0 0.427 0 
0 0 0 0 0 0 0 0.427 0 
0 0 0 0 0 0 0 0.427 0 
0 0 0 0 0 0 0 0.427 0 
0 0 0 0 0 0 0 0.427 0 
0 0 0 0 0 0 0 0.427 0 
0 0 0 0 0 0 0 0.427 0 
0 0 0 0 0 0 0 0.427 0 
0 0 0 0 0 0 0 0.427 0 
0 0 0 0 0 0 0 0.427 0 
0 0 0 0 0 0 0 0.427 0 
0 0 0 0 0 0 0 0.427 0 
0 0 0 0 0 0 0 0.427 0 
0 0 0 0 0 0 0 0.427 0 
0 0 0 0 0 0 0 0.427 0 
0 0 0 0 0 0 0 0.427 0 
0 0 0 0 0 0 0 0.427 0 
0 0 0 0 0 0 0 0.427 0 
0 0 0 0 0 0 0 0.427 0 
0 0 0 0 0 0 0 0.427 0 
0 0 0 0 0 0 0 0.427 0 
0 0 0 0 0 0 0 0.427 0 
0 0 0 0 0 0 0 0.427 0 
0 0 0 0 0 0 0 0.427 0 
0 0 0 0 0 0 0 0.427 0 
0 0 0 0 0 0 0 0.427 0 
0 0 0 0 0 0 0 0.427 0 
0 0 0 0 0 0 0 0.427 0 
0 0 0 0 0 0 0 0.427 0 
0 0 0 0 0 0 0 0.427 0 
0 0 0 0 0 0 0 0.427 0 
0 0 0 0 0 0 0 0.427 0 
0 0 0 0 0 0 0 0.427 0 
0 0 0 0 0 0 0 0.427 0 
0 0 0 0 0 0 0 0.427 0 
0 0 0 0 0 0 0 0.427 0 
0 0 0 0 0 0 0 0.427 0 
0 0 0 0 0 0 0 0.427 0 
0 0 0 0 0 0 0 0.427 0 
0 0 0 0 0 0 0 0.427 0 
0 0 0 0 0 0 0 0.427 0 
0 0 0 0 0 0 0 0.427 0 
0 0 0 0 0 0 0 0.427 0 
0 0 0 0 0 0 0 0.427 0 
0 0 0 0 0 0 0 0.427 0 
0 0 0 0 0 0 0 0.427 0 
0 0 0 0 0 0 0 0.427 0 
0 0 0 0 0 0 0 0.427 0 
0 0 0 0 0 0 0 0.427 0 
0 0 0 0 0 0 0 0.427 0 
0 0 0 0 0 0 0 0.427 0 
0 0 0 0 0 0 0 0.427 0 
0 0 0 0 0 0 0 0.427 0 
0 0 0 0 0 0 0 0.427 0 
0 0 0 0 0 0 0 0.427 0 
0 0 0 0 0 0 0 0.427 0 
0 0 0 0 0 0 0 0.427 0 
0 0 0 0 0 0 0 0.427 0 
0 0 0 0 0 0 0 0.427 0 
0 0 0 0 0 0 0 0.427 0 
0 0 0 0 0 0 0 0.427 0 
0 0 0 0 0 0 0 0.427 0 
0 0 0 0 0 0 0 0.427 0 
0 0 0 0 0 0 0 0.427 0 
0 0 0 0 0 0 0 0.427 0 
0 0 0 0 0 0 0 0.427 0 
0 0 0 0 0 0 0 0.427 0 
0 0 0 0 0 0 0 0.427 0 
0 0 0 0 0 0 0 0.427 0 
0 0 0 0 0 0 0 0.427 0 
0 0 0 0 0 0 0 0.427 0 
0 0 0 0 0 0 0 0.427 0 
0 0 0 0 0 0 0 0.427 0 
0 0 0 0 0 0 0 0.427 0 
0 0 0 0 0 0 0 0.427 0 
0 0 0 0 0 0 0 0.427 0 
0 0 0 0 0 0 0 0.427 0 
0 0 0 0 0 0 0 0.427 0 
0 0 0 0 0 0 0 0.427 0 
0 0 0 0 0 0 0 0.427 0 
0 0 0 0 0 0 0 0.427 0 
0 0 0 0 0 0 0 0.427 0 
0 0 0 0 0 0 0 0.427 0 
0 0 0 0 0 0 0 0.427 0 
0 0 0 0 0 0 0 0.427 0 
0 0 0 0 0 0 0 0.427 0 
0 0 0 0 0 0 0 0.427 0 
0 0 0 0 0 0 0 0.427 0 
0 0 0 0 0 0 0 0.427 0 
0 0 0 0 0 0 0 0.427 0 
0 0 0 0 0 0 0 0.427 0 
0 0 0 0 0 0 0 0.427 0 
0 0 0 0 0 0 0 0.427 0 
0 0 0 0 0 0 0 0.427 0 
0 0 0 0 0 0 0 0.427 0 
0 0 0 0 0 0 0 0.427 0 
0 0 0 0 0 0 0 0.427 0 
0 0 0 0 0 0 0 0.427 0 
0 0 0 0 0 0 0 0.427 0 
0 0 0 0 0 0 0 0.427 0 
0 0 0 0 0 0 0 0.427 0 
0 0 0 0 0 0 0 0.427 0 
0 0 0 0 0 0 0 0.427 0 
0 0 0 0 0 0 0 0.427 0 
0 0 0 0 0 0 0 0.427 0 
0 0 0 0 0 0 0 0.427 0 
0 0 0 0 0 0 0 0.427 0 
0 0 0 0 0 0 0 0.427 0 
0 0 0 0 0 0 0 0.427 0 
0 0 0 0 0 0 0 0.427 0 
0 0 0 0 0 0 0 0.427 0 
0 0 0 0 0 0 0 0.427 0 
0 0 0 0 0 0 0 0.427 0 
0 0 0 0 0 0 0 0.427 0 
0 0 0 0 0 0 0 0.427 0 
0 0 0 0 0 0 0 0.427 0 
0 0 0 0 0 0 0 0.427 0 
0 0 0 0 0 0 0 0.427 0 
0 0 0 0 0 0 0 0.427 0 
0 0 0 0 0 0 0 0.427 0 
0 0 0 0 0 0 0 0.427 0 
0 0 0 0 0 0 0 0.427 0 
0 0 0 0 0 0 0 0.427 0 
0 0 0 0 0 0 0 0.427 0 
0 0 0 0 0 0 0 0.427 0 
0 0 0 0 0 0 0 0.427 0 
0 0 0 0 0 0 0 0.427 0 
0 0 0 0 0 0 0 0.427 0 
0 0 0 0 0 0 0 0.427 0 
0 0 0 0 0 0 0 0.427 0 
0 0 0 0 0 0 0 0.427 0 
0 0 0 0 0 0 0 0.427 0 
0 0 0 0 0 0 0 0.427 0 
0 0 0 0 0 0 0 0.427 0 
0 0 0 0 0 0 0 0.427 0 
0 0 0 0 0 0 0 0.427 0 
0 0 0 0 0 0 0 0.427 0 
0 0 0 0 0 0 0 0.427 0 
0 0 0 0 0 0 0 0.427 0 
0 0 0 0 0 0 0 0.427 0 
0 0 0 0 0 0 0 0.427 0 
0 0 0 0 0 0 0 0.427 0 
0 0 0 0 0 0 0 0.427 0 
0 0 0 0 0 0 0 0.427 0 
0 0 0 0 0 0 0 0.427 0 
0 0 0 0 0 0 0 0.427 0 
0 0 0 0 0 0 0 0.427 0 
0 0 0 0 0 0 0 0.427 0 
0 0 0 0 0 0 0 0.427 0 
0 0 0 0 0 0 0 0.427 0 
0 0 0 0 0 0 0 0.427 0 
0 0 0 0 0 0 0 0.427 0 
0 0 0 0 0 0 0 0.427 0 
0 0 0 0 0 0 0 0.427 0 
0 0 0 0 0 0 0 0.427 0 
0 0 0 0 0 0 0 0.427 0 
0 0 0 0 0 0 0 0.427 0 
0 0 0 0 0 0 0 0.427 0 
0 0 0 0 0 0 0 0.427 0 
0 0 0 0 0 0 0 0.427 0 
0 0 0 0 0 0 0 0.427 0 
0 0 0 0 0 0 0 0.427 0 
0 0 0 0 0 0 0 0.427 0 
0 0 0 0 0 0 0 0.427 0 
0 0 0 0 0 0 0 0.427 0 
0 0 0 0 0 0 0 0.427 0 
0 0 0 0 0 0 0 0.427 0 
0 0 0 0 0 0 0 0.427 0 
0 0 0 0 0 0 0 0.427 0 
0 0 0 0 0 0 0 0.427 0 
0 0 0 0 0 0 0 0.427 0 
0 0 0 0 0 0 0 0.427 0 
0 0 0 0 0 0 0 0.427 0 
0 0 0 0 0 0 0 0.427 0 
0 0 0 0 0 0 0 0.427 0 
0 0 0 0 0 0 0 0.427 0 
0 0 0 0 0 0 0 0.427 0 
0 0 0 0 0 0 0 0.427 0 
0 0 0 0 0 0 0 0.427 0 
0 0 0 0 0 0 0 0.427 0 
0 0 0 0 0 0 0 0.427 0 
0 0 0 0 0 0 0 0.427 0 
0 0 0 0 0 0 0 0.427 0 
0 0 0 0 0 0 0 0.427 0 
0 0 0 0 0 0 0 0.427 0 
0 0 0 0 0 0 0 0.427 0 
0 0 0 0 0 0 0 0.427 0 
0 0 0 0 0 0 0 0.427 0 
0 0 0 0 0 0 0 0.427 0 
0 0 0 0 0 0 0 0.427 0 
0 0 0 0 0 0 0 0.427 0 
0 0 0 0 0 0 0 0.427 0 
0 0 0 0 0 0 0 0.427 0 
0 0 0 0 0 0 0 0.427 0 
0 0 0 0 0 0 0 0.427 0 
0 0 0 0 0 0 0 0.427 0 
0 0 0 0 0 0 0 0.427 0 
0 0 0 0 0 0 0 0.427 0 
0 0 0 0 0 0 0 0.427 0 
0 0 0 0 0 0 0 0.427 0 
0 0 0 0 0 0 0 0.427 0 
0 0 0 0 0 0 0 0.427 0 
0 0 0 0 0 0 0 0.427 0 
0 0 0 0 0 0 0 0.427 0 
0 0 0 0 0 0 0 0.427 0 
0 0 0 0 0 0 0 0.427 0 
0 0 0 0 0 0 0 0.427 0 
0 0 0 0 0 0 0 0.427 0 
0 0 0 0 0 0 0 0.427 0 
0 0 0 0 0 0 0 0.427 0 
0 0 0 0 0 0 0 0.427 0 
0 0 0 0 0 0 0 0.427 0 
0 0 0 0 0 0 0 0.427 0 
0 0 0 0 0 0 0 0.427 0 
0 0 0 0 0 0 0 0.427 0 
0 0 0 0 0 0 0 0.427 0 
0 0 0 0 0 0 0 0.427 0 
0 0 0 0 0 0 0 0.427 0 
0 0 0 0 0 0 0 0.427 0 
0 0 0 0 0 0 0 0.427 0 
0 0 0 0 0 0 0 0.427 0 
0 0 0 0 0 0 0 0.427 0 
0 0 0 0 0 0 0 0.427 0 
0 0 0 0 0 0 0 0.427 0 
0 0 0 0 0 0 0 0.427 0 
0 0 0 0 0 0 0 0.427 0 
0 0 0 0 0 0 0 0.427 0 
0 0 0 0 0 0 0 0.427 0 
0 0 0 0 0 0 0 0.427 0 
0 0 0 0 0 0 0 0.427 0 
0 0 0 0 0 0 0 0.427 0 
0 0 0 0 0 0 0 0.427 0 
0 0 0 0 0 0 0 0.427 0 
0 0 0 0 0 0 0 0.427 0 
0 0 0 0 0 0 0 0.427 0 
0 0 0 0 0 0 0 0.427 0 
0 0 0 0 0 0 0 0.427 0 
0 0 0 0 0 0 0 0.427 0 
0 0 0 0 0 0 0 0.427 0 
0 0 0 0 0 0 0 0.427 0 
0 0 0 0 0 0 0 0.427 0 
0 0 0 0 0 0 0 0.427 0 
0 0 0 0 0 0 0 0.427 0 
0 0 0 0 0 0 0 0.427 0 
0 0 0 0 0 0 0 0.427 0 
0 0 0 0 0 0 0 0.427 0 
0 0 0 0 0 0 0 0.427 0 
0 0 0 0 0 0 0 0.427 0 
0 0 0 0 0 0 0 0.427 0 
0 0 0 0 0 0 0 0.427 0 
0 0 0 0 0 0 0 0.427 0 
0 0 0 0 0 0 0 0.427 0 
0 0 0 0 0 0 0 0.427 0 
0 0 0 0 0 0 0 0.427 0 
0 0 0 0 0 0 0 0.427 0 
0 0 0 0 0 0 0 0.427 0 
0 0 0 0 0 0 0 0.427 0 
0 0 0 0 0 0 0 0.427 0 
0 0 0 0 0 0 0 0.427 0 
0 0 0 0 0 0 0 0.427 0 
0 0 0 0 0 0 0 0.427 0 
0 0 0 0 0 0 0 0.427 0 
0 0 0 0 0 0 0 0.427 0 
0 0 0 0 0 0 0 0.427 0 
0 0 0 0 0 0 0 0.427 0 
0 0 0 0 0 0 0 0.427 0 
0 0 0 0 0 0 0 0.427 0 
0 0 0 0 0 0 0 0.427 0 
0 0 0 0 0 0 0 0.427 0 
0 0 0 0 0 0 0 0.427 0 
0 0 0 0 0 0 0 0.427 0 
0 0 0 0 0 0 0 0.427 0 
0 0 0 0 0 0 0 0.427 0 
0 0 0 0 0 0 0 0.427 0 
0 0 0 0 0 0 0 0.427 0 
0 0 0 0 0 0 0 0.427 0 
0 0 0 0 0 0 0 0.427 0 
0 0 0 0 0 0 0 0.427 0 
0 0 0 0 0 0 0 0.427 0 
0 0 0 0 0 0 0 0.427 0 
0 0 0 0 0 0 0 0.427 0 
0 0 0 0 0 0 0 0.427 0 
0 0 0 0 0 0 0 0.427 0 
0 0 0 0 0 0 0 0.427 0 
0 0 0 0 0 0 0 0.427 0 
0 0 0 0 0 0 0 0.427 0 
0 0 0 0 0 0 0 0.427 0 
0 0 0 0 0 0 0 0.427 0 
0 0 0 0 0 0 0 0.427 0 
0 0 0 0 0 0 0 0.427 0 
0 0 0 0 0 0 0 0.427 0 
0 0 0 0 0 0 0 0.427 0 
0 0 0 0 0 0 0 0.427 0 
0 0 0 0 0 0 0 0.427 0 
0 0 0 0 0 0 0 0.427 0 
0 0 0 0 0 0 0 0.427 0 
0 0 0 0 0 0 0 0.427 0 
0 0 0 0 0 0 0 0.427 0 
0 0 0 0 0 0 0 0.427 0 
0 0 0 0 0 0 0 0.427 0 
0 0 0 0 0 0 0 0.427 0 
0 0 0 0 0 0 0 0.427 0 
0 0 0 0 0 0 0 0.427 0 
0 0 0 0 0 0 0 0.427 0 
0 0 0 0 0 0 0 0.427 0 
0 0 0 0 0 0 0 0.427 0 
0 0 0 0 0 0 0 0.427 0 
0 0 0 0 0 0 0 0.427 0 
0 0 0 0 0 0 0 0.427 0 
0 0 0 0 0 0 0 0.427 0 
0 0 0 0 0 0 0 0.427 0 
0 0 0 0 0 0 0 0.427 0 
0 0 0 0 0 0 0 0.427 0 
0 0 0 0 0 0 0 0.427 0 
0 0 0 0 0 0 0 0.427 0 
0 0 0 0 0 0 0 0.427 0 
0 0 0 0 0 0 0 0.427 0 
0 0 0 0 0 0 0 0.427 0 
0 0 0 0 0 0 0 0.427 0 
0 0 0 0 0 0 0 0.427 0 
0 0 0 0 0 0 0 0.427 0 
0 0 0 0 0 0 0 0.427 0 
0 0 0 0 0 0 0 0.427 0 
0 0 0 0 0 0 0 0.427 0 
0 0 0 0 0 0 0 0.427 0 
0 0 0 0 0 0 0 0.427 0 
0 0 0 0 0 0 0 0.427 0 
0 0 0 0 0 0 0 0.427 0 
0 0 0 0 0 0 0 0.427 0 
0 0 0 0 0 0 0 0.427 0 
0 0 0 0 0 0 0 0.427 0 
0 0 0 0 0 0 0 0.427 0 
0 0 0 0 0 0 0 0.427 0 
0 0 0 0 0 0 0 0.427 0 
0 0 0 0 0 0 0 0.427 0 
0 0 0 0 0 0 0 0.427 0 
0 0 0 0 0 0 0 0.427 0 
0 0 0 0 0 0 0 0.427 0 
0 0 0 0 0 0 0 0.427 0 
0 0 0 0 0 0 0 0.427 0 
0 0 0 0 0 0 0 0.427 0 
0 0 0 0 0 0 0 0.427 0 
0 0 0 0 0 0 0 0.427 0 
0 0 0 0 0 0 0 0.427 0 
0 0 0 0 0 0 0 0.427 0 
0 0 0 0 0 0 0 0.427 0 
0 0 0 0 0 0 0 0.427 0 
0 0 0 0 0 0 0 0.427 0 
0 0 0 0 0 0 0 0.427 0 
0 0 0 0 0 0 0 0.427 0 
0 0 0 0 0 0 0 0.427 0 
0 0 0 0 0 0 0 0.427 0 
0 0 0 0 0 0 0 0.427 0 
0 0 0 0 0 0 0 0.427 0 
0 0 0 0 0 0 0 0.427 0 
0 0 0 0 0 0 0 0.427 0 
0 0 0 0 0 0 0 0.427 0 
0 0 0 0 0 0 0 0.427 0 
0 0 0 0 0 0 0 0.427 0 
0 0 0 0 0 0 0 0.427 0 
0 0 0 0 0 0 0 0.427 0 
0 0 0 0 0 0 0 0.427 0 
0 0 0 0 0 0 0 0.427 0 
0 0 0 0 0 0 0 0.427 0 
0 0 0 0 0 0 0 0.427 0 
0 0 0 0 0 0 0 0.427 0 
0 0 0 0 0 0 0 0.427 0 
0 0 0 0 0 0 0 0.427 0 
0 0 0 0 0 0 0 0.427 0 
0 0 0 0 0 0 0 0.427 0 
0 0 0 0 0 0 0 0.427 0 
0 0 0 0 0 0 0 0.427 0 
0 0 0 0 0 0 0 0.427 0 
0 0 0 0 0 0 0 0.427 0 
0 0 0 0 0 0 0 0.427 0 
0 0 0 0 0 0 0 0.427 0 
0 0 0 0 0 0 0 0.427 0 
0 0 0 0 0 0 0 0.427 0 
0 0 0 0 0 0 0 0.427 0 
0 0 0 0 0 0 0 0.427 0 
0 0 0 0 0 0 0 0.427 0 
0 0 0 0 0 0 0 0.427 0 
0 0 0 0 0 0 0 0.427 0 
0 0 0 0 0 0 0 0.427 0 
0 0 0 0 0 0 0 0.427 0 
0 0 0 0 0 0 0 0.427 0 
0 0 0 0 0 0 0 0.427 0 
0 0 0 0 0 0 0 0.427 0 
0 0 0 0 0 0 0 0.427 0 
0 0 0 0 0 0 0 0.427 0 
0 0 0 0 0 0 0 0.427 0 
0 0 0 0 0 0 0 0.427 0 
0 0 0 0 0 0 0 0.427 0 
0 0 0 0 0 0 0 0.427 0 
0 0 0 0 0 0 0 0.427 0 
0 0 0 0 0 0 0 0.427 0 
0 0 0 0 0 0 0 0.427 0 
0 0 0 0 0 0 0 0.427 0 
0 0 0 0 0 0 0 0.427 0 
0 0 0 0 0 0 0 0.427 0 
0 0 0 0 0 0 0 0.427 0 
0 0 0 0 0 0 0 0.427 0 
0 0 0 0 0 0 0 0.427 0 
0 0 0 0 0 0 0 0.427 0 
0 0 0 0 0 0 0 0.427 0 
0 0 0 0 0 0 0 0.427 0 
0 0 0 0 0 0 0 0.427 0 
0 0 0 0 0 0 0 0.427 0 
0 0 0 0 0 0 0 0.427 0 
0 0 0 0 0 0 0 0.427 0 
0 0 0 0 0 0 0 0.427 0 
0 0 0 0 0 0 0 0.427 0 
0 0 0 0 0 0 0 0.427 0 
0 0 0 0 0 0 0 0.427 0 
0 0 0 0 0 0 0 0.427 0 
0 0 0 0 0 0 0 0.427 0 
0 0 0 0 0 0 0 0.427 0 
0 0 0 0 0 0 0 0.427 0 
0 0 0 0 0 0 0 0.427 0 
0 0 0 0 0 0 0 0.427 0 
0 0 0 0 0 0 0 0.427 0 
0 0 0 0 0 0 0 0.427 0 
0 0 0 0 0 0 0 0.427 0 
0 0 0 0 0 0 0 0.427 0 
0 0 0 0 0 0 0 0.427 0 
0 0 0 0 0 0 0 0.427 0 
0 0 0 0 0 0 0 0.427 0 
0 0 0 0 0 0 0 0.427 0 
0 0 0 0 0 0 0 0.427 0 
0 0 0 0 0 0 0 0.427 0 
0 0 0 0 0 0 0 0.427 0 
0 0 0 0 0 0 0 0.427 0 
0 0 0 0 0 0 0 0.427 0 
0 0 0 0 0 0 0 0.427 0 
0 0 0 0 0 0 0 0.427 0 
0 0 0 0 0 0 0 0.427 0 
0 0 0 0 0 0 0 0.427 0 
0 0 0 0 0 0 0 0.427 0 
0 0 0 0 0 0 0 0.427 0 
0 0 0 0 0 0 0 0.427 0 
0 0 0 0 0 0 0 0.427 0 
0 0 0 0 0 0 0 0.427 0 
0 0 0 0 0 0 0 0.427 0 
0 0 0 0 0 0 0 0.427 0 
0 0 0 0 0 0 0 0.427 0 
0 0 0 0 0 0 0 0.427 0 
0 0 0 0 0 0 0 0.427 0 
0 0 0 0 0 0 0 0.427 0 
0 0 0 0 0 0 0 0.427 0 
0 0 0 0 0 0 0 0.427 0 
0 0 0 0 0 0 0 0.427 0 
0 0 0 0 0 0 0 0.427 0 
0 0 0 0 0 0 0 0.427 0 
0 0 0 0 0 0 0 0.427 0 
0 0 0 0 0 0 0 0.427 0 
0 0 0 0 0 0 0 0.427 0 
0 0 0 0 0 0 0 0.427 0 
0 0 0 0 0 0 0 0.427 0 
0 0 0 0 0 0 0 0.427 0 
0 0 0 0 0 0 0 0.427 0 
0 0 0 0 0 0 0 0.427 0 
0 0 0 0 0 0 0 0.427 0 
0 0 0 0 0 0 0 0.427 0 
0 0 0 0 0 0 0 0.427 0 
0 0 0 0 0 0 0 0.427 0 
0 0 0 0 0 0 0 0.427 0 
0 0 0 0 0 0 0 0.427 0 
0 0 0 0 0 0 0 0.427 0 
0 0 0 0 0 0 0 0.427 0 
0 0 0 0 0 0 0 0.427 0 
0 0 0 0 0 0 0 0.427 0 
0 0 0 0 0 0 0 0.427 0 
0 0 0 0 0 0 0 0.427 0 
0 0 0 0 0 0 0 0.427 0 
0 0 0 0 0 0 0 0.427 0 
0 0 0 0 0 0 0 0.427 0 
0 0 0 0 0 0 0 0.427 0 
0 0 0 0 0 0 0 0.427 0 
0 0 0 0 0 0 0 0.427 0 
0 0 0 0 0 0 0 0.427 0 
0 0 0 0 0 0 0 0.427 0 
0 0 0 0 0 0 0 0.427 0 
0 0 0 0 0 0 0 0.427 0 
0 0 0 0 0 0 0 0.427 0 
0 0 0 0 0 0 0 0.427 0 
0 0 0 0 0 0 0 0.427 0 
0 0 0 0 0 0 0 0.427 0 
0 0 0 0 0 0 0 0.427 0 
0 0 0 0 0 0 0 0.427 0 
0 0 0 0 0 0 0 0.427 0 
0 0 0 0 0 0 0 0.427 0 
0 0 0 0 0 0 0 0.427 0 
0 0 0 0 0 0 0 0.427 0 
0 0 0 0 0 0 0 0.427 0 
0 0 0 0 0 0 0 0.427 0 
0 0 0 0 0 0 0 0.427 0 
0 0 0 0 0 0 0 0.427 0 
0 0 0 0 0 0 0 0.427 0 
0 0 0 0 0 0 0 0.427 0 
0 0 0 0 0 0 0 0.427 0 
0 0 0 0 0 0 0 0.427 0 
0 0 0 0 0 0 0 0.427 0 
0 0 0 0 0 0 0 0.427 0 
0 0 0 0 0 0 0 0.427 0 
0 0 0 0 0 0 0 0.427 0 
0 0 0 0 0 0 0 0.427 0 
0 0 0 0 0 0 0 0.427 0 
0 0 0 0 0 0 0 0.427 0 
0 0 0 0 0 0 0 0.427 0 
0 0 0 0 0 0 0 0.427 0 
0 0 0 0 0 0 0 0.427 0 
0 0 0 0 0 0 0 0.427 0 
0 0 0 0 0 0 0 0.427 0 
0 0 0 0 0 0 0 0.427 0 
0 0 0 0 0 0 0 0.427 0 
0 0 0 0 0 0 0 0.427 0 
0 0 0 0 0 0 0 0.427 0 
0 0 0 0 0 0 0 0.427 0 
0 0 0 0 0 0 0 0.427 0 
0 0 0 0 0 0 0 0.427 0 
0 0 0 0 0 0 0 0.427 0 
0 0 0 0 0 0 0 0.427 0 
0 0 0 0 0 0 0 0.427 0 
0 0 0 0 0 0 0 0.427 0 
0 0 0 0 0 0 0 0.427 0 
0 0 0 0 0 0 0 0.427 0 
0 0 0 0 0 0 0 0.427 0 
0 0 0 0 0 0 0 0.427 0 
0 0 0 0 0 0 0 0.427 0 
0 0 0 0 0 0 0 0.427 0 
0 0 0 0 0 0 0 0.427 0 
0 0 0 0 0 0 0 0.427 0 
0 0 0 0 0 0 0 0.427 0 
0 0 0 0 0 0 0 0.427 0 
0 0 0 0 0 0 0 0.427 0 
0 0 0 0 0 0 0 0.427 0 
0 0 0 0 0 0 0 0.427 0 
0 0 0 0 0 0 0 0.427 0 
0 0 0 0 0 0 0 0.427 0 
0 0 0 0 0 0 0 0.427 0 
0 0 0 0 0 0 0 0.427 0 
0 0 0 0 0 0 0 0.427 0 
0 0 0 0 0 0 0 0.427 0 
0 0 0 0 0 0 0 0.427 0 
0 0 0 0 0 0 0 0.427 0 
0 0 0 0 0 0 0 0.427 0 
0 0 0 0 0 0 0 0.427 0 
0 0 0 0 0 0 0 0.427 0 
0 0 0 0 0 0 0 0.427 0 
0 0 0 0 0 0 0 0.427 0 
0 0 0 0 0 0 0 0.427 0 
0 0 0 0 0 0 0 0.427 0 
0 0 0 0 0 0 0 0.427 0 
0 0 0 0 0 0 0 0.427 0 
0 0 0 0 0 0 0 0.427 0 
0 0 0 0 0 0 0 0.427 0 
0 0 0 0 0 0 0 0.427 0 
0 0 0 0 0 0 0 0.427 0 
0 0 0 0 0 0 0 0.427 0 
0 0 0 0 0 0 0 0.427 0 
0 0 0 0 0 0 0 0.427 0 
0 0 0 0 0 0 0 0.427 0 
0 0 0 0 0 0 0 0.427 0 
0 0 0 0 0 0 0 0.427 0 
0 0 0 0 0 0 0 0.427 0 
0 0 0 0 0 0 0 0.427 0 
0 0 0 0 0 0 0 0.427 0 
0 0 0 0 0 0 0 0.427 0 
0 0 0 0 0 0 0 0.427 0 
0 0 0 0 0 0 0 0.427 0 
0 0 0 0 0 0 0 0.427 0 
0 0 0 0 0 0 0 0.427 0 
0 0 0 0 0 0 0 0.427 0 
0 0 0 0 0 0 0 0.427 0 
0 0 0 0 0 0 0 0.427 0 
0 0 0 0 0 0 0 0.427 0 
0 0 0 0 0 0 0 0.427 0 
0 0 0 0 0 0 0 0.427 0 
0 0 0 0 0 0 0 0.427 0 
0 0 0 0 0 0 0 0.427 0 
0 0 0 0 0 0 0 0.427 0 
0 0 0 0 0 0 0 0.427 0 
0 0 0 0 0 0 0 0.427 0 
0 0 0 0 0 0 0 0.427 0 
0 0 0 0 0 0 0 0.427 0 
0 0 0 0 0 0 0 0.427 0 
0 0 0 0 0 0 0 0.427 0 
0 0 0 0 0 0 0 0.427 0 
0 0 0 0 0 0 0 0.427 0 
0 0 0 0 0 0 0 0.427 0 
0 0 0 0 0 0 0 0.427 0 
0 0 0 0 0 0 0 0.427 0 
0 0 0 0 0 0 0 0.427 0 
0 0 0 0 0 0 0 0.427 0 
0 0 0 0 0 0 0 0.427 0 
0 0 0 0 0 0 0 0.427 0 
0 0 0 0 0 0 0 0.427 0 
0 0 0 0 0 0 0 0.427 0 
0 0 0 0 0 0 0 0.427 0 
0 0 0 0 0 0 0 0.427 0 
0 0 0 0 0 0 0 0.427 0 
0 0 0 0 0 0 0 0.427 0 
0 0 0 0 0 0 0 0.427 0 
0 0 0 0 0 0 0 0.427 0 
0 0 0 0 0 0 0 0.427 0 
0 0 0 0 0 0 0 0.427 0 
0 0 0 0 0 0 0 0.427 0 
0 0 0 0 0 0 0 0.427 0 
0 0 0 0 0 0 0 0.427 0 
0 0 0 0 0 0 0 0.427 0 
0 0 0 0 0 0 0 0.427 0 
0 0 0 0 0 0 0 0.427 0 
0 0 0 0 0 0 0 0.427 0 
0 0 0 0 0 0 0 0.427 0 
0 0 0 0 0 0 0 0.427 0 
0 0 0 0 0 0 0 0.427 0 
0 0 0 0 0 0 0 0.427 0 
0 0 0 0 0 0 0 0.427 0 
0 0 0 0 0 0 0 0.427 0 
0 0 0 0 0 0 0 0.427 0 
0 0 0 0 0 0 0 0.427 0 
0 0 0 0 0 0 0 0.427 0 
0 0 0 0 0 0 0 0.427 0 
0 0 0 0 0 0 0 0.427 0 
0 0 0 0 0 0 0 0.427 0 
0 0 0 0 0 0 0 0.427 0 
0 0 0 0 0 0 0 0.427 0 
0 0 0 0 0 0 0 0.427 0 
0 0 0 0 0 0 0 0.427 0 
0 0 0 0 0 0 0 0.427 0 
0 0 0 0 0 0 0 0.427 0 
0 0 0 0 0 0 0 0.427 0 
0 0 0 0 0 0 0 0.427 0 
0 0 0 0 0 0 0 0.427 0 
0 0 0 0 0 0 0 0.427 0 
0 0 0 0 0 0 0 0.427 0 
0 0 0 0 0 0 0 0.427 0 
0 0 0 0 0 0 0 0.427 0 
0 0 0 0 0 0 0 0.427 0 
0 0 0 0 0 0 0 0.427 0 
0 0 0 0 0 0 0 0.427 0 
0 0 0 0 0 0 0 0.427 0 
0 0 0 0 0 0 0 0.427 0 
0 0 0 0 0 0 0 0.427 0 
0 0 0 0 0 0 0 0.427 0 
0 0 0 0 0 0 0 0.427 0 
0 0 0 0 0 0 0 0.427 0 
0 0 0 0 0 0 0 0.427 0 
0 0 0 0 0 0 0 0.427 0 
0 0 0 0 0 0 0 0.427 0 
0 0 0 0 0 0 0 0.427 0 
0 0 0 0 0 0 0 0.427 0 
0 0 0 0 0 0 0 0.427 0 
0 0 0 0 0 0 0 0.427 0 
0 0 0 0 0 0 0 0.427 0 
0 0 0 0 0 0 0 0.427 0 
0 0 0 0 0 0 0 0.427 0 
0 0 0 0 0 0 0 0.427 0 
0 0 0 0 0 0 0 0.427 0 
0 0 0 0 0 0 0 0.427 0 
0 0 0 0 0 0 0 0.427 0 
0 0 0 0 0 0 0 0.427 0 
0 0 0 0 0 0 0 0.427 0 
0 0 0 0 0 0 0 0.427 0 
0 0 0 0 0 0 0 0.427 0 
0 0 0 0 0 0 0 0.427 0 
0 0 0 0 0 0 0 0.427 0 
0 0 0 0 0 0 0 0.427 0 
0 0 0 0 0 0 0 0.427 0 
0 0 0 0 0 0 0 0.427 0 
0 0 0 0 0 0 0 0.427 0 
0 0 0 0 0 0 0 0.427 0 
0 0 0 0 0 0 0 0.427 0 
0 0 0 0 0 0 0 0.427 0 
0 0 0 0 0 0 0 0.427 0 
0 0 0 0 0 0 0 0.427 0 
0 0 0 0 0 0 0 0.427 0 
0 0 0 0 0 0 0 0.427 0 
0 0 0 0 0 0 0 0.427 0 
0 0 0 0 0 0 0 0.427 0 
0 0 0 0 0 0 0 0.427 0 
0 0 0 0 0 0 0 0.427 0 
0 0 0 0 0 0 0 0.427 0 
0 0 0 0 0 0 0 0.427 0 
0 0 0 0 0 0 0 0.427 0 
0 0 0 0 0 0 0 0.427 0 
0 0 0 0 0 0 0 0.427 0 
0 0 0 0 0 0 0 0.427 0 
0 0 0 0 0 0 0 0.427 0 
0 0 0 0 0 0 0 0.427 0 
0 0 0 0 0 0 0 0.427 0 
0 0 0 0 0 0 0 0.427 0 
0 0 0 0 0 0 0 0.427 0 
0 0 0 0 0 0 0 0.427 0 
0 0 0 0 0 0 0 0.427 0 
0 0 0 0 0 0 0 0.427 0 
0 0 0 0 0 0 0 0.427 0 
0 0 0 0 0 0 0 0.427 0 
0 0 0 0 0 0 0 0.427 0 
0 0 0 0 0 0 0 0.427 0 
0 0 0 0 0 0 0 0.427 0 
0 0 0 0 0 0 0 0.427 0 
0 0 0 0 0 0 0 0.427 0 
0 0 0 0 0 0 0 0.427 0 
0 0 0 0 0 0 0 0.427 0 
0 0 0 0 0 0 0 0.427 0 
0 0 0 0 0 0 0 0.427 0 
0 0 0 0 0 0 0 0.427 0 
0 0 0 0 0 0 0 0.427 0 
0 0 0 0 0 0 0 0.427 0 
0 0 0 0 0 0 0 0.427 0 
0 0 0 0 0 0 0 0.427 0 
0 0 0 0 0 0 0 0.427 0 
0 0 0 0 0 0 0 0.427 0 
0 0 0 0 0 0 0 0.427 0 
0 0 0 0 0 0 0 0.427 0 
0 0 0 0 0 0 0 0.427 0 
0 0 0 0 0 0 0 0.427 0 
0 0 0 0 0 0 0 0.427 0 
0 0 0 0 0 0 0 0.427 0 
0 0 0 0 0 0 0 0.427 0 
0 0 0 0 0 0 0 0.427 0 
0 0 0 0 0 0 0 0.427 0 
0 0 0 0 0 0 0 0.427 0 
0 0 0 0 0 0 0 0.427 0 
0 0 0 0 0 0 0 0.427 0 
0 0 0 0 0 0 0 0.427 0 
0 0 0 0 0 0 0 0.427 0 
0 0 0 0 0 0 0 0.427 0 
0 0 0 0 0 0 0 0.427 0 
0 0 0 0 0 0 0 0.427 0 
0 0 0 0 0 0 0 0.427 0 
0 0 0 0 0 0 0 0.427 0 
0 0 0 0 0 0 0 0.427 0 
0 0 0 0 0 0 0 0.427 0 
0 0 0 0 0 0 0 0.427 0 
0 0 0 0 0 0 0 0.427 0 
0 0 0 0 0 0 0 0.427 0 
0 0 0 0 0 0 0 0.427 0 
0 0 0 0 0 0 0 0.427 0 
0 0 0 0 0 0 0 0.427 0 
0 0 0 0 0 0 0 0.427 0 
0 0 0 0 0 0 0 0.427 0 
0 0 0 0 0 0 0 0.427 0 
0 0 0 0 0 0 0 0.427 0 
0 0 0 0 0 0 0 0.427 0 
0 0 0 0 0 0 0 0.427 0 
0 0 0 0 0 0 0 0.427 0 
0 0 0 0 0 0 0 0.427 0 
0 0 0 0 0 0 0 0.427 0 
0 0 0 0 0 0 0 0.427 0 
0 0 0 0 0 0 0 0.427 0 
0 0 0 0 0 0 0 0.427 0 
0 0 0 0 0 0 0 0.427 0 
0 0 0 0 0 0 0 0.427 0 
0 0 0 0 0 0 0 0.427 0 
0 0 0 0 0 0 0 0.427 0 
0 0 0 0 0 0 0 0.427 0 
0 0 0 0 0 0 0 0.427 0 
0 0 0 0 0 0 0 0.427 0 
0 0 0 0 0 0 0 0.427 0 
0 0 0 0 0 0 0 0.427 0 
0 0 0 0 0 0 0 0.427 0 
0 0 0 0 0 0 0 0.427 0 
0 0 0 0 0 0 0 0.427 0 
0 0 0 0 0 0 0 0.427 0 
0 0 0 0 0 0 0 0.427 0 
0 0 0 0 0 0 0 0.427 0 
0 0 0 0 0 0 0 0.427 0 
0 0 0 0 0 0 0 0.427 0 
0 0 0 0 0 0 0 0.427 0 
0 0 0 0 0 0 0 0.427 0 
0 0 0 0 0 0 0 0.427 0 
0 0 0 0 0 0 0 0.427 0 
0 0 0 0 0 0 0 0.427 0 
0 0 0 0 0 0 0 0.427 0 
0 0 0 0 0 0 0 0.427 0 
0 0 0 0 0 0 0 0.427 0 
0 0 0 0 0 0 0 0.427 0 
0 0 0 0 0 0 0 0.427 0 
0 0 0 0 0 0 0 0.427 0 
0 0 0 0 0 0 0 0.427 0 
0 0 0 0 0 0 0 0.427 0 
0 0 0 0 0 0 0 0.427 0 
0 0 0 0 0 0 0 0.427 0 
0 0 0 0 0 0 0 0.427 0 
0 0 0 0 0 0 0 0.427 0 
0 0 0 0 0 0 0 0.427 0 
0 0 0 0 0 0 0 0.427 0 
0 0 0 0 0 0 0 0.427 0 
0 0 0 0 0 0 0 0.427 0 
0 0 0 0 0 0 0 0.427 0 
0 0 0 0 0 0 0 0.427 0 
0 0 0 0 0 0 0 0.427 0 
0 0 0 0 0 0 0 0.427 0 
0 0 0 0 0 0 0 0.427 0 
0 0 0 0 0 0 0 0.427 0 
0 0 0 0 0 0 0 0.427 0 
0 0 0 0 0 0 0 0.427 0 
0 0 0 0 0 0 0 0.427 0 
0 0 0 0 0 0 0 0.427 0 
0 0 0 0 0 0 0 0.427 0 
0 0 0 0 0 0 0 0.427 0 
0 0 0 0 0 0 0 0.427 0 
0 0 0 0 0 0 0 0.427 0 
0 0 0 0 0 0 0 0.427 0 
0 0 0 0 0 0 0 0.427 0 
0 0 0 0 0 0 0 0.427 0 
0 0 0 0 0 0 0 0.427 0 
0 0 0 0 0 0 0 0.427 0 
0 0 0 0 0 0 0 0.427 0 
0 0 0 0 0 0 0 0.427 0 
0 0 0 0 0 0 0 0.427 0 
0 0 0 0 0 0 0 0.427 0 
0 0 0 0 0 0 0 0.427 0 
0 0 0 0 0 0 0 0.427 0 
0 0 0 0 0 0 0 0.427 0 
0 0 0 0 0 0 0 0.427 0 
0 0 0 0 0 0 0 0.427 0 
0 0 0 0 0 0 0 0.427 0 
0 0 0 0 0 0 0 0.427 0 
0 0 0 0 0 0 0 0.427 0 
0 0 0 0 0 0 0 0.427 0 
0 0 0 0 0 0 0 0.427 0 
0 0 0 0 0 0 0 0.427 0 
0 0 0 0 0 0 0 0.427 0 
0 0 0 0 0 0 0 0.427 0 
0 0 0 0 0 0 0 0.427 0 
0 0 0 0 0 0 0 0.427 0 
0 0 0 0 0 0 0 0.427 0 
0 0 0 0 0 0 0 0.427 0 
0 0 0 0 0 0 0 0.427 0 
0 0 0 0 0 0 0 0.427 0 
0 0 0 0 0 0 0 0.427 0 
0 0 0 0 0 0 0 0.427 0 
0 0 0 0 0 0 0 0.427 0 
0 0 0 0 0 0 0 0.427 0 
0 0 0 0 0 0 0 0.427 0 
0 0 0 0 0 0 0 0.427 0 
0 0 0 0 0 0 0 0.427 0 
0 0 0 0 0 0 0 0.427 0 
0 0 0 0 0 0 0 0.427 0 
0 0 0 0 0 0 0 0.427 0 
0 0 0 0 0 0 0 0.427 0 
0 0 0 0 0 0 0 0.427 0 
0 0 0 0 0 0 0 0.427 0 
0 0 0 0 0 0 0 0.427 0 
0 0 0 0 0 0 0 0.427 0 
0 0 0 0 0 0 0 0.427 0 
0 0 0 0 0 0 0 0.427 0 
0 0 0 0 0 0 0 0.427 0 
0 0 0 0 0 0 0 0.427 0 
0 0 0 0 0 0 0 0.427 0 
0 0 0 0 0 0 0 0.427 0 
0 0 0 0 0 0 0 0.427 0 
0 0 0 0 0 0 0 0.427 0 
0 0 0 0 0 0 0 0.427 0 
0 0 0 0 0 0 0 0.427 0 
0 0 0 0 0 0 0 0.427 0 
0 0 0 0 0 0 0 0.427 0 
0 0 0 0 0 0 0 0.427 0 
0 0 0 0 0 0 0 0.427 0 
0 0 0 0 0 0 0 0.427 0 
0 0 0 0 0 0 0 0.427 0 
0 0 0 0 0 0 0 0.427 0 
0 0 0 0 0 0 0 0.427 0 
0 0 0 0 0 0 0 0.427 0 
0 0 0 0 0 0 0 0.427 0 
0 0 0 0 0 0 0 0.427 0 
0 0 0 0 0 0 0 0.427 0 
0 0 0 0 0 0 0 0.427 0 
0 0 0 0 0 0 0 0.427 0 
0 0 0 0 0 0 0 0.427 0 
0 0 0 0 0 0 0 0.427 0 
0 0 0 0 0 0 0 0.427 0 
0 0 0 0 0 0 0 0.427 0 
0 0 0 0 0 0 0 0.427 0 
0 0 0 0 0 0 0 0.427 0 
0 0 0 0 0 0 0 0.427 0 
0 0 0 0 0 0 0 0.427 0 
0 0 0 0 0 0 0 0.427 0 
0 0 0 0 0 0 0 0.427 0 
0 0 0 0 0 0 0 0.427 0 
0 0 0 0 0 0 0 0.427 0 
0 0 0 0 0 0 0 0.427 0 
0 0 0 0 0 0 0 0.427 0 
0 0 0 0 0 0 0 0.427 0 
0 0 0 0 0 0 0 0.427 0 
0 0 0 0 0 0 0 0.427 0 
0 0 0 0 0 0 0 0.427 0 
0 0 0 0 0 0 0 0.427 0 
0 0 0 0 0 0 0 0.427 0 
0 0 0 0 0 0 0 0.427 0 
0 0 0 0 0 0 0 0.427 0 
0 0 0 0 0 0 0 0.427 0 
0 0 0 0 0 0 0 0.427 0 
0 0 0 0 0 0 0 0.427 0 
0 0 0 0 0 0 0 0.427 0 
0 0 0 0 0 0 0 0.427 0 
0 0 0 0 0 0 0 0.427 0 
0 0 0 0 0 0 0 0.427 0 
0 0 0 0 0 0 0 0.427 0 
0 0 0 0 0 0 0 0.427 0 
0 0 0 0 0 0 0 0.427 0 
0 0 0 0 0 0 0 0.427 0 
0 0 0 0 0 0 0 0.427 0 
0 0 0 0 0 0 0 0.427 0 
0 0 0 0 0 0 0 0.427 0 
0 0 0 0 0 0 0 0.427 0 
0 0 0 0 0 0 0 0.427 0 
0 0 0 0 0 0 0 0.427 0 
0 0 0 0 0 0 0 0.427 0 
0 0 0 0 0 0 0 0.427 0 
0 0 0 0 0 0 0 0.427 0 
0 0 0 0 0 0 0 0.427 0 
0 0 0 0 0 0 0 0.427 0 
0 0 0 0 0 0 0 0.427 0 
0 0 0 0 0 0 0 0.427 0 
0 0 0 0 0 0 0 0.427 0 
0 0 0 0 0 0 0 0.427 0 
0 0 0 0 0 0 0 0.427 0 
0 0 0 0 0 0 0 0.427 0 
0 0 0 0 0 0 0 0.427 0 
0 0 0 0 0 0 0 0.427 0 
0 0 0 0 0 0 0 0.427 0 
0 0 0 0 0 0 0 0.427 0 
0 0 0 0 0 0 0 0.427 0 
0 0 0 0 0 0 0 0.427 0 
0 0 0 0 0 0 0 0.427 0 
0 0 0 0 0 0 0 0.427 0 
0 0 0 0 0 0 0 0.427 0 
0 0 0 0 0 0 0 0.427 0 
0 0 0 0 0 0 0 0.427 0 
0 0 0 0 0 0 0 0.427 0 
0 0 0 0 0 0 0 0.427 0 
0 0 0 0 0 0 0 0.427 0 
0 0 0 0 0 0 0 0.427 0 
0 0 0 0 0 0 0 0.427 0 
0 0 0 0 0 0 0 0.427 0 
0 0 0 0 0 0 0 0.427 0 
0 0 0 0 0 0 0 0.427 0 
0 0 0 0 0 0 0 0.427 0 
0 0 0 0 0 0 0 0.427 0 
0 0 0 0 0 0 0 0.427 0 
0 0 0 0 0 0 0 0.427 0 
0 0 0 0 0 0 0 0.427 0 
0 0 0 0 0 0 0 0.427 0 
0 0 0 0 0 0 0 0.427 0 
0 0 0 0 0 0 0 0.427 0 
0 0 0 0 0 0 0 0.427 0 
0 0 0 0 0 0 0 0.427 0 
0 0 0 0 0 0 0 0.427 0 
0 0 0 0 0 0 0 0.427 0 
0 0 0 0 0 0 0 0.427 0 
0 0 0 0 0 0 0 0.427 0 
0 0 0 0 0 0 0 0.427 0 
0 0 0 0 0 0 0 0.427 0 
0 0 0 0 0 0 0 0.427 0 
0 0 0 0 0 0 0 0.427 0 
0 0 0 0 0 0 0 0.427 0 
0 0 0 0 0 0 0 0.427 0 
0 0 0 0 0 0 0 0.427 0 
0 0 0 0 0 0 0 0.427 0 
0 0 0 0 0 0 0 0.427 0 
0 0 0 0 0 0 0 0.427 0 
0 0 0 0 0 0 0 0.427 0 
0 0 0 0 0 0 0 0.427 0 
0 0 0 0 0 0 0 0.427 0 
0 0 0 0 0 0 0 0.427 0 
0 0 0 0 0 0 0 0.427 0 
0 0 0 0 0 0 0 0.427 0 
0 0 0 0 0 0 0 0.427 0 
0 0 0 0 0 0 0 0.427 0 
0 0 0 0 0 0 0 0.427 0 
0 0 0 0 0 0 0 0.427 0 
0 0 0 0 0 0 0 0.427 0 
0 0 0 0 0 0 0 0.427 0 
0 0 0 0 0 0 0 0.427 0 
0 0 0 0 0 0 0 0.427 0 
0 0 0 0 0 0 0 0.427 0 
0 0 0 0 0 0 0 0.427 0 
0 0 0 0 0 0 0 0.427 0 
0 0 0 0 0 0 0 0.427 0 
0 0 0 0 0 0 0 0.427 0 
0 0 0 0 0 0 0 0.427 0 
0 0 0 0 0 0 0 0.427 0 
0 0 0 0 0 0 0 0.427 0 
0 0 0 0 0 0 0 0.427 0 
0 0 0 0 0 0 0 0.427 0 
0 0 0 0 0 0 0 0.427 0 
0 0 0 0 0 0 0 0.427 0 
0 0 0 0 0 0 0 0.427 0 
0 0 0 0 0 0 0 0.427 0 
0 0 0 0 0 0 0 0.427 0 
0 0 0 0 0 0 0 0.427 0 
0 0 0 0 0 0 0 0.427 0 
0 0 0 0 0 0 0 0.427 0 
0 0 0 0 0 0 0 0.427 0 
0 0 0 0 0 0 0 0.427 0 
0 0 0 0 0 0 0 0.427 0 
0 0 0 0 0 0 0 0.427 0 
0 0 0 0 0 0 0 0.427 0 
0 0 0 0 0 0 0 0.427 0 
0 0 0 0 0 0 0 0.427 0 
0 0 0 0 0 0 0 0.427 0 
0 0 0 0 0 0 0 0.427 0 
0 0 0 0 0 0 0 0.427 0 
0 0 0 0 0 0 0 0.427 0 
0 0 0 0 0 0 0 0.427 0 
0 0 0 0 0 0 0 0.427 0 
0 0 0 0 0 0 0 0.427 0 
0 0 0 0 0 0 0 0.427 0 
0 0 0 0 0 0 0 0.427 0 
0 0 0 0 0 0 0 0.427 0 
0 0 0 0 0 0 0 0.427 0 
0 0 0 0 0 0 0 0.427 0 
0 0 0 0 0 0 0 0.427 0 
0 0 0 0 0 0 0 0.427 0 
0 0 0 0 0 0 0 0.427 0 
0 0 0 0 0 0 0 0.427 0 
0 0 0 0 0 0 0 0.427 0 
0 0 0 0 0 0 0 0.427 0 
0 0 0 0 0 0 0 0.427 0 
0 0 0 0 0 0 0 0.427 0 
0 0 0 0 0 0 0 0.427 0 
0 0 0 0 0 0 0 0.427 0 
0 0 0 0 0 0 0 0.427 0 
0 0 0 0 0 0 0 0.427 0 
0 0 0 0 0 0 0 0.427 0 
0 0 0 0 0 0 0 0.427 0 
0 0 0 0 0 0 0 0.427 0 
0 0 0 0 0 0 0 0.427 0 
0 0 0 0 0 0 0 0.427 0 
0 0 0 0 0 0 0 0.427 0 
0 0 0 0 0 0 0 0.427 0 
0 0 0 0 0 0 0 0.427 0 
0 0 0 0 0 0 0 0.427 0 
0 0 0 0 0 0 0 0.427 0 
0 0 0 0 0 0 0 0.427 0 
0 0 0 0 0 0 0 0.427 0 
0 0 0 0 0 0 0 0.427 0 
0 0 0 0 0 0 0 0.427 0 
0 0 0 0 0 0 0 0.427 0 
0 0 0 0 0 0 0 0.427 0 
0 0 0 0 0 0 0 0.427 0 
0 0 0 0 0 0 0 0.427 0 
0 0 0 0 0 0 0 0.427 0 
0 0 0 0 0 0 0 0.427 0 
0 0 0 0 0 0 0 0.427 0 
0 0 0 0 0 0 0 0.427 0 
0 0 0 0 0 0 0 0.427 0 
0 0 0 0 0 0 0 0.427 0 
0 0 0 0 0 0 0 0.427 0 
0 0 0 0 0 0 0 0.427 0 
0 0 0 0 0 0 0 0.427 0 
0 0 0 0 0 0 0 0.427 0 
0 0 0 0 0 0 0 0.427 0 
0 0 0 0 0 0 0 0.427 0 
0 0 0 0 0 0 0 0.427 0 
0 0 0 0 0 0 0 0.427 0 
0 0 0 0 0 0 0 0.427 0 
0 0 0 0 0 0 0 0.427 0 
0 0 0 0 0 0 0 0.427 0 
0 0 0 0 0 0 0 0.427 0 
0 0 0 0 0 0 0 0.427 0 
0 0 0 0 0 0 0 0.427 0 
0 0 0 0 0 0 0 0.427 0 
0 0 0 0 0 0 0 0.427 0 
0 0 0 0 0 0 0 0.427 0 
0 0 0 0 0 0 0 0.427 0 
0 0 0 0 0 0 0 0.427 0 
0 0 0 0 0 0 0 0.427 0 
0 0 0 0 0 0 0 0.427 0 
0 0 0 0 0 0 0 0.427 0 
0 0 0 0 0 0 0 0.427 0 
0 0 0 0 0 0 0 0.427 0 
0 0 0 0 0 0 0 0.427 0 
0 0 0 0 0 0 0 0.427 0 
0 0 0 0 0 0 0 0.427 0 
0 0 0 0 0 0 0 0.427 0 
0 0 0 0 0 0 0 0.427 0 
0 0 0 0 0 0 0 0.427 0 
0 0 0 0 0 0 0 0.427 0 
0 0 0 0 0 0 0 0.427 0 
0 0 0 0 0 0 0 0.427 0 
0 0 0 0 0 0 0 0.427 0 
0 0 0 0 0 0 0 0.427 0 
0 0 0 0 0 0 0 0.427 0 
0 0 0 0 0 0 0 0.427 0 
0 0 0 0 0 0 0 0.427 0 
0 0 0 0 0 0 0 0.427 0 
0 0 0 0 0 0 0 0.427 0 
0 0 0 0 0 0 0 0.427 0 
0 0 0 0 0 0 0 0.427 0 
0 0 0 0 0 0 0 0.427 0 
0 0 0 0 0 0 0 0.427 0 
0 0 0 0 0 0 0 0.427 0 
0 0 0 0 0 0 0 0.427 0 
0 0 0 0 0 0 0 0.427 0 
0 0 0 0 0 0 0 0.427 0 
0 0 0 0 0 0 0 0.427 0 
0 0 0 0 0 0 0 0.427 0 
0 0 0 0 0 0 0 0.427 0 
0 0 0 0 0 0 0 0.427 0 
0 0 0 0 0 0 0 0.427 0 
0 0 0 0 0 0 0 0.427 0 
0 0 0 0 0 0 0 0.427 0 
0 0 0 0 0 0 0 0.427 0 
0 0 0 0 0 0 0 0.427 0 
0 0 0 0 0 0 0 0.427 0 
0 0 0 0 0 0 0 0.427 0 
0 0 0 0 0 0 0 0.427 0 
0 0 0 0 0 0 0 0.427 0 
0 0 0 0 0 0 0 0.427 0 
0 0 0 0 0 0 0 0.427 0 
0 0 0 0 0 0 0 0.427 0 
0 0 0 0 0 0 0 0.427 0 
0 0 0 0 0 0 0 0.427 0 
0 0 0 0 0 0 0 0.427 0 
0 0 0 0 0 0 0 0.427 0 
0 0 0 0 0 0 0 0.427 0 
0 0 0 0 0 0 0 0.427 0 
0 0 0 0 0 0 0 0.427 0 
0 0 0 0 0 0 0 0.427 0 
0 0 0 0 0 0 0 0.427 0 
0 0 0 0 0 0 0 0.427 0 
0 0 0 0 0 0 0 0.427 0 
0 0 0 0 0 0 0 0.427 0 
0 0 0 0 0 0 0 0.427 0 
0 0 0 0 0 0 0 0.427 0 
0 0 0 0 0 0 0 0.427 0 
0 0 0 0 0 0 0 0.427 0 
0 0 0 0 0 0 0 0.427 0 
0 0 0 0 0 0 0 0.427 0 
0 0 0 0 0 0 0 0.427 0 
0 0 0 0 0 0 0 0.427 0 
0 0 0 0 0 0 0 0.427 0 
0 0 0 0 0 0 0 0.427 0 
0 0 0 0 0 0 0 0.427 0 
0 0 0 0 0 0 0 0.427 0 
0 0 0 0 0 0 0 0.427 0 
0 0 0 0 0 0 0 0.427 0 
0 0 0 0 0 0 0 0.427 0 
0 0 0 0 0 0 0 0.427 0 
0 0 0 0 0 0 0 0.427 0 
0 0 0 0 0 0 0 0.427 0 
0 0 0 0 0 0 0 0.427 0 
0 0 0 0 0 0 0 0.427 0 
0 0 0 0 0 0 0 0.427 0 
0 0 0 0 0 0 0 0.427 0 
0 0 0 0 0 0 0 0.427 0 
0 0 0 0 0 0 0 0.427 0 
0 0 0 0 0 0 0 0.427 0 
0 0 0 0 0 0 0 0.427 0 
0 0 0 0 0 0 0 0.427 0 
0 0 0 0 0 0 0 0.427 0 
0 0 0 0 0 0 0 0.427 0 
0 0 0 0 0 0 0 0.427 0 
0 0 0 0 0 0 0 0.427 0 
0 0 0 0 0 0 0 0.427 0 
0 0 0 0 0 0 0 0.427 0 
0 0 0 0 0 0 0 0.427 0 
0 0 0 0 0 0 0 0.427 0 
0 0 0 0 0 0 0 0.427 0 
0 0 0 0 0 0 0 0.427 0 
0 0 0 0 0 0 0 0.427 0 
0 0 0 0 0 0 0 0.427 0 
0 0 0 0 0 0 0 0.427 0 
0 0 0 0 0 0 0 0.427 0 
0 0 0 0 0 0 0 0.427 0 
0 0 0 0 0 0 0 0.427 0 
0 0 0 0 0 0 0 0.427 0 
0 0 0 0 0 0 0 0.427 0 
0 0 0 0 0 0 0 0.427 0 
0 0 0 0 0 0 0 0.427 0 
0 0 0 0 0 0 0 0.427 0 
0 0 0 0 0 0 0 0.427 0 
0 0 0 0 0 0 0 0.427 0 
0 0 0 0 0 0 0 0.427 0 
0 0 0 0 0 0 0 0.427 0 
0 0 0 0 0 0 0 0.427 0 
0 0 0 0 0 0 0 0.427 0 
0 0 0 0 0 0 0 0.427 0 
0 0 0 0 0 0 0 0.427 0 
0 0 0 0 0 0 0 0.427 0 
0 0 0 0 0 0 0 0.427 0 
0 0 0 0 0 0 0 0.427 0 
0 0 0 0 0 0 0 0.427 0 
0 0 0 0 0 0 0 0.427 0 
0 0 0 0 0 0 0 0.427 0 
0 0 0 0 0 0 0 0.427 0 
0 0 0 0 0 0 0 0.427 0 
0 0 0 0 0 0 0 0.427 0 
0 0 0 0 0 0 0 0.427 0 
0 0 0 0 0 0 0 0.427 0 
0 0 0 0 0 0 0 0.427 0 
0 0 0 0 0 0 0 0.427 0 
0 0 0 0 0 0 0 0.427 0 
0 0 0 0 0 0 0 0.427 0 
0 0 0 0 0 0 0 0.427 0 
0 0 0 0 0 0 0 0.427 0 
0 0 0 0 0 0 0 0.427 0 
0 0 0 0 0 0 0 0.427 0 
0 0 0 0 0 0 0 0.427 0 
0 0 0 0 0 0 0 0.427 0 
0 0 0 0 0 0 0 0.427 0 
0 0 0 0 0 0 0 0.427 0 
0 0 0 0 0 0 0 0.427 0 
0 0 0 0 0 0 0 0.427 0 
0 0 0 0 0 0 0 0.427 0 
0 0 0 0 0 0 0 0.427 0 
0 0 0 0 0 0 0 0.427 0 
0 0 0 0 0 0 0 0.427 0 
0 0 0 0 0 0 0 0.427 0 
0 0 0 0 0 0 0 0.427 0 
0 0 0 0 0 0 0 0.427 0 
0 0 0 0 0 0 0 0.427 0 
0 0 0 0 0 0 0 0.427 0 
0 0 0 0 0 0 0 0.427 0 
0 0 0 0 0 0 0 0.427 0 
0 0 0 0 0 0 0 0.427 0 
0 0 0 0 0 0 0 0.427 0 
0 0 0 0 0 0 0 0.427 0 
0 0 0 0 0 0 0 0.427 0 
0 0 0 0 0 0 0 0.427 0 
0 0 0 0 0 0 0 0.427 0 
0 0 0 0 0 0 0 0.427 0 
0 0 0 0 0 0 0 0.427 0 
0 0 0 0 0 0 0 0.427 0 
0 0 0 0 0 0 0 0.427 0 
0 0 0 0 0 0 0 0.427 0 
0 0 0 0 0 0 0 0.427 0 
0 0 0 0 0 0 0 0.427 0 
0 0 0 0 0 0 0 0.427 0 
0 0 0 0 0 0 0 0.427 0 
0 0 0 0 0 0 0 0.427 0 
0 0 0 0 0 0 0 0.427 0 
0 0 0 0 0 0 0 0.427 0 
0 0 0 0 0 0 0 0.427 0 
0 0 0 0 0 0 0 0.427 0 
0 0 0 0 0 0 0 0.427 0 
0 0 0 0 0 0 0 0.427 0 
0 0 0 0 0 0 0 0.427 0 
0 0 0 0 0 0 0 0.427 0 
0 0 0 0 0 0 0 0.427 0 
0 0 0 0 0 0 0 0.427 0 
0 0 0 0 0 0 0 0.427 0 
0 0 0 0 0 0 0 0.427 0 
0 0 0 0 0 0 0 0.427 0 
0 0 0 0 0 0 0 0.427 0 
0 0 0 0 0 0 0 0.427 0 
0 0 0 0 0 0 0 0.427 0 
0 0 0 0 0 0 0 0.427 0 
0 0 0 0 0 0 0 0.427 0 
0 0 0 0 0 0 0 0.427 0 
0 0 0 0 0 0 0 0.427 0 
0 0 0 0 0 0 0 0.427 0 
0 0 0 0 0 0 0 0.427 0 
0 0 0 0 0 0 0 0.427 0 
0 0 0 0 0 0 0 0.427 0 
0 0 0 0 0 0 0 0.427 0 
0 0 0 0 0 0 0 0.427 0 
0 0 0 0 0 0 0 0.427 0 
0 0 0 0 0 0 0 0.427 0 
0 0 0 0 0 0 0 0.427 0 
0 0 0 0 0 0 0 0.427 0 
0 0 0 0 0 0 0 0.427 0 
0 0 0 0 0 0 0 0.427 0 
0 0 0 0 0 0 0 0.427 0 
0 0 0 0 0 0 0 0.427 0 
0 0 0 0 0 0 0 0.427 0 
0 0 0 0 0 0 0 0.427 0 
0 0 0 0 0 0 0 0.427 0 
0 0 0 0 0 0 0 0.427 0 
0 0 0 0 0 0 0 0.427 0 
0 0 0 0 0 0 0 0.427 0 
0 0 0 0 0 0 0 0.427 0 
0 0 0 0 0 0 0 0.427 0 
0 0 0 0 0 0 0 0.427 0 
0 0 0 0 0 0 0 0.427 0 
0 0 0 0 0 0 0 0.427 0 
0 0 0 0 0 0 0 0.427 0 
0 0 0 0 0 0 0 0.427 0 
0 0 0 0 0 0 0 0.427 0 
0 0 0 0 0 0 0 0.427 0 
0 0 0 0 0 0 0 0.427 0 
0 0 0 0 0 0 0 0.427 0 
0 0 0 0 0 0 0 0.427 0 
0 0 0 0 0 0 0 0.427 0 
0 0 0 0 0 0 0 0.427 0 
0 0 0 0 0 0 0 0.427 0 
0 0 0 0 0 0 0 0.427 0 
0 0 0 0 0 0 0 0.427 0 
0 0 0 0 0 0 0 0.427 0 
0 0 0 0 0 0 0 0.427 0 
0 0 0 0 0 0 0 0.427 0 
0 0 0 0 0 0 0 0.427 0 
0 0 0 0 0 0 0 0.427 0 
0 0 0 0 0 0 0 0.427 0 
0 0 0 0 0 0 0 0.427 0 
0 0 0 0 0 0 0 0.427 0 
0 0 0 0 0 0 0 0.427 0 
0 0 0 0 0 0 0 0.427 0 
0 0 0 0 0 0 0 0.427 0 
0 0 0 0 0 0 0 0.427 0 
0 0 0 0 0 0 0 0.427 0 
0 0 0 0 0 0 0 0.427 0 
0 0 0 0 0 0 0 0.427 0 
0 0 0 0 0 0 0 0.427 0 
0 0 0 0 0 0 0 0.427 0 
0 0 0 0 0 0 0 0.427 0 
0 0 0 0 0 0 0 0.427 0 
0 0 0 0 0 0 0 0.427 0 
0 0 0 0 0 0 0 0.427 0 
0 0 0 0 0 0 0 0.427 0 
0 0 0 0 0 0 0 0.427 0 
0 0 0 0 0 0 0 0.427 0 
0 0 0 0 0 0 0 0.427 0 
0 0 0 0 0 0 0 0.427 0 
0 0 0 0 0 0 0 0.427 0 
0 0 0 0 0 0 0 0.427 0 
0 0 0 0 0 0 0 0.427 0 
0 0 0 0 0 0 0 0.427 0 
0 0 0 0 0 0 0 0.427 0 
0 0 0 0 0 0 0 0.427 0 
0 0 0 0 0 0 0 0.427 0 
0 0 0 0 0 0 0 0.427 0 
0 0 0 0 0 0 0 0.427 0 
0 0 0 0 0 0 0 0.427 0 
0 0 0 0 0 0 0 0.427 0 
0 0 0 0 0 0 0 0.427 0 
0 0 0 0 0 0 0 0.427 0 
0 0 0 0 0 0 0 0.427 0 
0 0 0 0 0 0 0 0.427 0 
0 0 0 0 0 0 0 0.427 0 
0 0 0 0 0 0 0 0.427 0 
0 0 0 0 0 0 0 0.427 0 
0 0 0 0 0 0 0 0.427 0 
0 0 0 0 0 0 0 0.427 0 
0 0 0 0 0 0 0 0.427 0 
0 0 0 0 0 0 0 0.427 0 
0 0 0 0 0 0 0 0.427 0 
0 0 0 0 0 0 0 0.427 0 
0 0 0 0 0 0 0 0.427 0 
0 0 0 0 0 0 0 0.427 0 
0 0 0 0 0 0 0 0.427 0 
0 0 0 0 0 0 0 0.427 0 
0 0 0 0 0 0 0 0.427 0 
0 0 0 0 0 0 0 0.427 0 
0 0 0 0 0 0 0 0.427 0 
0 0 0 0 0 0 0 0.427 0 
0 0 0 0 0 0 0 0.427 0 
0 0 0 0 0 0 0 0.427 0 
0 0 0 0 0 0 0 0.427 0 
0 0 0 0 0 0 0 0.427 0 
0 0 0 0 0 0 0 0.427 0 
0 0 0 0 0 0 0 0.427 0 
0 0 0 0 0 0 0 0.427 0 
0 0 0 0 0 0 0 0.427 0 
0 0 0 0 0 0 0 0.427 0 
0 0 0 0 0 0 0 0.427 0 
0 0 0 0 0 0 0 0.427 0 
0 0 0 0 0 0 0 0.427 0 
0 0 0 0 0 0 0 0.427 0 
0 0 0 0 0 0 0 0.427 0 
0 0 0 0 0 0 0 0.427 0 
0 0 0 0 0 0 0 0.427 0 
0 0 0 0 0 0 0 0.427 0 
0 0 0 0 0 0 0 0.427 0 
0 0 0 0 0 0 0 0.427 0 
0 0 0 0 0 0 0 0.427 0 
0 0 0 0 0 0 0 0.427 0 
0 0 0 0 0 0 0 0.427 0 
0 0 0 0 0 0 0 0.427 0 
0 0 0 0 0 0 0 0.427 0 
0 0 0 0 0 0 0 0.427 0 
0 0 0 0 0 0 0 0.427 0 
0 0 0 0 0 0 0 0.427 0 
0 0 0 0 0 0 0 0.427 0 
0 0 0 0 0 0 0 0.427 0 
0 0 0 0 0 0 0 0.427 0 
0 0 0 0 0 0 0 0.427 0 
0 0 0 0 0 0 0 0.427 0 
0 0 0 0 0 0 0 0.427 0 
0 0 0 0 0 0 0 0.427 0 
0 0 0 0 0 0 0 0.427 0 
0 0 0 0 0 0 0 0.427 0 
0 0 0 0 0 0 0 0.427 0 
0 0 0 0 0 0 0 0.427 0 
0 0 0 0 0 0 0 0.427 0 
0 0 0 0 0 0 0 0.427 0 
0 0 0 0 0 0 0 0.427 0 
0 0 0 0 0 0 0 0.427 0 
0 0 0 0 0 0 0 0.427 0 
0 0 0 0 0 0 0 0.427 0 
0 0 0 0 0 0 0 0.427 0 
0 0 0 0 0 0 0 0.427 0 
0 0 0 0 0 0 0 0.427 0 
0 0 0 0 0 0 0 0.427 0 
0 0 0 0 0 0 0 0.427 0 
0 0 0 0 0 0 0 0.427 0 
0 0 0 0 0 0 0 0.427 0 
0 0 0 0 0 0 0 0.427 0 
0 0 0 0 0 0 0 0.427 0 
0 0 0 0 0 0 0 0.427 0 
0 0 0 0 0 0 0 0.427 0 
0 0 0 0 0 0 0 0.427 0 
0 0 0 0 0 0 0 0.427 0 
0 0 0 0 0 0 0 0.427 0 
0 0 0 0 0 0 0 0.427 0 
0 0 0 0 0 0 0 0.427 0 
0 0 0 0 0 0 0 0.427 0 
0 0 0 0 0 0 0 0.427 0 
0 0 0 0 0 0 0 0.427 0 
0 0 0 0 0 0 0 0.427 0 
0 0 0 0 0 0 0 0.427 0 
0 0 0 0 0 0 0 0.427 0 
0 0 0 0 0 0 0 0.427 0 
0 0 0 0 0 0 0 0.427 0 
0 0 0 0 0 0 0 0.427 0 
0 0 0 0 0 0 0 0.427 0 
0 0 0 0 0 0 0 0.427 0 
0 0 0 0 0 0 0 0.427 0 
0 0 0 0 0 0 0 0.427 0 
0 0 0 0 0 0 0 0.427 0 
0 0 0 0 0 0 0 0.427 0 
0 0 0 0 0 0 0 0.427 0 
0 0 0 0 0 0 0 0.427 0 
0 0 0 0 0 0 0 0.427 0 
0 0 0 0 0 0 0 0.427 0 
0 0 0 0 0 0 0 0.427 0 
0 0 0 0 0 0 0 0.427 0 
0 0 0 0 0 0 0 0.427 0 
0 0 0 0 0 0 0 0.427 0 
0 0 0 0 0 0 0 0.427 0 
0 0 0 0 0 0 0 0.427 0 
0 0 0 0 0 0 0 0.427 0 
0 0 0 0 0 0 0 0.427 0 
0 0 0 0 0 0 0 0.427 0 
0 0 0 0 0 0 0 0.427 0 
0 0 0 0 0 0 0 0.427 0 
0 0 0 0 0 0 0 0.427 0 
0 0 0 0 0 0 0 0.427 0 
0 0 0 0 0 0 0 0.427 0 
0 0 0 0 0 0 0 0.427 0 
0 0 0 0 0 0 0 0.427 0 
0 0 0 0 0 0 0 0.427 0 
0 0 0 0 0 0 0 0.427 0 
0 0 0 0 0 0 0 0.427 0 
0 0 0 0 0 0 0 0.427 0 
0 0 0 0 0 0 0 0.427 0 
0 0 0 0 0 0 0 0.427 0 
0 0 0 0 0 0 0 0.427 0 
0 0 0 0 0 0 0 0.427 0 
0 0 0 0 0 0 0 0.427 0 
0 0 0 0 0 0 0 0.427 0 
0 0 0 0 0 0 0 0.427 0 
0 0 0 0 0 0 0 0.427 0 
0 0 0 0 0 0 0 0.427 0 
0 0 0 0 0 0 0 0.427 0 
0 0 0 0 0 0 0 0.427 0 
0 0 0 0 0 0 0 0.427 0 
0 0 0 0 0 0 0 0.427 0 
0 0 0 0 0 0 0 0.427 0 
0 0 0 0 0 0 0 0.427 0 
0 0 0 0 0 0 0 0.427 0 
0 0 0 0 0 0 0 0.427 0 
0 0 0 0 0 0 0 0.427 0 
0 0 0 0 0 0 0 0.427 0 
0 0 0 0 0 0 0 0.427 0 
0 0 0 0 0 0 0 0.427 0 
0 0 0 0 0 0 0 0.427 0 
0 0 0 0 0 0 0 0.427 0 
0 0 0 0 0 0 0 0.427 0 
0 0 0 0 0 0 0 0.427 0 
0 0 0 0 0 0 0 0.427 0 
0 0 0 0 0 0 0 0.427 0 
0 0 0 0 0 0 0 0.427 0 
0 0 0 0 0 0 0 0.427 0 
0 0 0 0 0 0 0 0.427 0 
0 0 0 0 0 0 0 0.427 0 
0 0 0 0 0 0 0 0.427 0 
0 0 0 0 0 0 0 0.427 0 
0 0 0 0 0 0 0 0.427 0 
0 0 0 0 0 0 0 0.427 0 
0 0 0 0 0 0 0 0.427 0 
0 0 0 0 0 0 0 0.427 0 
0 0 0 0 0 0 0 0.427 0 
0 0 0 0 0 0 0 0.427 0 
0 0 0 0 0 0 0 0.427 0 
0 0 0 0 0 0 0 0.427 0 
0 0 0 0 0 0 0 0.427 0 
0 0 0 0 0 0 0 0.427 0 
0 0 0 0 0 0 0 0.427 0 
0 0 0 0 0 0 0 0.427 0 
0 0 0 0 0 0 0 0.427 0 
0 0 0 0 0 0 0 0.427 0 
0 0 0 0 0 0 0 0.427 0 
0 0 0 0 0 0 0 0.427 0 
0 0 0 0 0 0 0 0.427 0 
0 0 0 0 0 0 0 0.427 0 
0 0 0 0 0 0 0 0.427 0 
0 0 0 0 0 0 0 0.427 0 
0 0 0 0 0 0 0 0.427 0 
0 0 0 0 0 0 0 0.427 0 
0 0 0 0 0 0 0 0.427 0 
0 0 0 0 0 0 0 0.427 0 
0 0 0 0 0 0 0 0.427 0 
0 0 0 0 0 0 0 0.427 0 
0 0 0 0 0 0 0 0.427 0 
0 0 0 0 0 0 0 0.427 0 
0 0 0 0 0 0 0 0.427 0 
0 0 0 0 0 0 0 0.427 0 
0 0 0 0 0 0 0 0.427 0 
0 0 0 0 0 0 0 0.427 0 
0 0 0 0 0 0 0 0.427 0 
0 0 0 0 0 0 0 0.427 0 
0 0 0 0 0 0 0 0.427 0 
0 0 0 0 0 0 0 0.427 0 
0 0 0 0 0 0 0 0.427 0 
0 0 0 0 0 0 0 0.427 0 
0 0 0 0 0 0 0 0.427 0 
0 0 0 0 0 0 0 0.427 0 
0 0 0 0 0 0 0 0.427 0 
0 0 0 0 0 0 0 0.427 0 
0 0 0 0 0 0 0 0.427 0 
0 0 0 0 0 0 0 0.427 0 
0 0 0 0 0 0 0 0.427 0 
0 0 0 0 0 0 0 0.427 0 
0 0 0 0 0 0 0 0.427 0 
0 0 0 0 0 0 0 0.427 0 
0 0 0 0 0 0 0 0.427 0 
0 0 0 0 0 0 0 0.427 0 
0 0 0 0 0 0 0 0.427 0 
0 0 0 0 0 0 0 0.427 0 
0 0 0 0 0 0 0 0.427 0 
0 0 0 0 0 0 0 0.427 0 
0 0 0 0 0 0 0 0.427 0 
0 0 0 0 0 0 0 0.427 0 
0 0 0 0 0 0 0 0.427 0 
0 0 0 0 0 0 0 0.427 0 
0 0 0 0 0 0 0 0.427 0 
0 0 0 0 0 0 0 0.427 0 
0 0 0 0 0 0 0 0.427 0 
0 0 0 0 0 0 0 0.427 0 
0 0 0 0 0 0 0 0.427 0 
0 0 0 0 0 0 0 0.427 0 
0 0 0 0 0 0 0 0.427 0 
0 0 0 0 0 0 0 0.427 0 
0 0 0 0 0 0 0 0.427 0 
0 0 0 0 0 0 0 0.427 0 
0 0 0 0 0 0 0 0.427 0 
0 0 0 0 0 0 0 0.427 0 
0 0 0 0 0 0 0 0.427 0 
0 0 0 0 0 0 0 0.427 0 
0 0 0 0 0 0 0 0.427 0 
0 0 0 0 0 0 0 0.427 0 
0 0 0 0 0 0 0 0.427 0 
0 0 0 0 0 0 0 0.427 0 
0 0 0 0 0 0 0 0.427 0 
0 0 0 0 0 0 0 0.427 0 
0 0 0 0 0 0 0 0.427 0 
0 0 0 0 0 0 0 0.427 0 
0 0 0 0 0 0 0 0.427 0 
0 0 0 0 0 0 0 0.427 0 
0 0 0 0 0 0 0 0.427 0 
0 0 0 0 0 0 0 0.427 0 
0 0 0 0 0 0 0 0.427 0 
0 0 0 0 0 0 0 0.427 0 
0 0 0 0 0 0 0 0.427 0 
0 0 0 0 0 0 0 0.427 0 
0 0 0 0 0 0 0 0.427 0 
0 0 0 0 0 0 0 0.427 0 
0 0 0 0 0 0 0 0.427 0 
0 0 0 0 0 0 0 0.427 0 
0 0 0 0 0 0 0 0.427 0 
0 0 0 0 0 0 0 0.427 0 
0 0 0 0 0 0 0 0.427 0 
0 0 0 0 0 0 0 0.427 0 
0 0 0 0 0 0 0 0.427 0 
0 0 0 0 0 0 0 0.427 0 
0 0 0 0 0 0 0 0.427 0 
0 0 0 0 0 0 0 0.427 0 
0 0 0 0 0 0 0 0.427 0 
0 0 0 0 0 0 0 0.427 0 
0 0 0 0 0 0 0 0.427 0 
0 0 0 0 0 0 0 0.427 0 
0 0 0 0 0 0 0 0.427 0 
0 0 0 0 0 0 0 0.427 0 
0 0 0 0 0 0 0 0.427 0 
0 0 0 0 0 0 0 0.427 0 
0 0 0 0 0 0 0 0.427 0 
0 0 0 0 0 0 0 0.427 0 
0 0 0 0 0 0 0 0.427 0 
0 0 0 0 0 0 0 0.427 0 
0 0 0 0 0 0 0 0.427 0 
0 0 0 0 0 0 0 0.427 0 
0 0 0 0 0 0 0 0.427 0 
0 0 0 0 0 0 0 0.427 0 
0 0 0 0 0 0 0 0.427 0 
0 0 0 0 0 0 0 0.427 0 
0 0 0 0 0 0 0 0.427 0 
0 0 0 0 0 0 0 0.427 0 
0 0 0 0 0 0 0 0.427 0 
0 0 0 0 0 0 0 0.427 0 
0 0 0 0 0 0 0 0.427 0 
0 0 0 0 0 0 0 0.427 0 
0 0 0 0 0 0 0 0.427 0 
0 0 0 0 0 0 0 0.427 0 
0 0 0 0 0 0 0 0.427 0 
0 0 0 0 0 0 0 0.427 0 
0 0 0 0 0 0 0 0.427 0 
0 0 0 0 0 0 0 0.427 0 
0 0 0 0 0 0 0 0.427 0 
0 0 0 0 0 0 0 0.427 0 
0 0 0 0 0 0 0 0.427 0 
0 0 0 0 0 0 0 0.427 0 
0 0 0 0 0 0 0 0.427 0 
0 0 0 0 0 0 0 0.427 0 
0 0 0 0 0 0 0 0.427 0 
0 0 0 0 0 0 0 0.427 0 
0 0 0 0 0 0 0 0.427 0 
0 0 0 0 0 0 0 0.427 0 
0 0 0 0 0 0 0 0.427 0 
0 0 0 0 0 0 0 0.427 0 
0 0 0 0 0 0 0 0.427 0 
0 0 0 0 0 0 0 0.427 0 
0 0 0 0 0 0 0 0.427 0 
0 0 0 0 0 0 0 0.427 0 
0 0 0 0 0 0 0 0.427 0 
0 0 0 0 0 0 0 0.427 0 
0 0 0 0 0 0 0 0.427 0 
0 0 0 0 0 0 0 0.427 0 
0 0 0 0 0 0 0 0.427 0 
0 0 0 0 0 0 0 0.427 0 
0 0 0 0 0 0 0 0.427 0 
0 0 0 0 0 0 0 0.427 0 
0 0 0 0 0 0 0 0.427 0 
0 0 0 0 0 0 0 0.427 0 
0 0 0 0 0 0 0 0.427 0 
0 0 0 0 0 0 0 0.427 0 
0 0 0 0 0 0 0 0.427 0 
0 0 0 0 0 0 0 0.427 0 
0 0 0 0 0 0 0 0.427 0 
0 0 0 0 0 0 0 0.427 0 
0 0 0 0 0 0 0 0.427 0 
0 0 0 0 0 0 0 0.427 0 
0 0 0 0 0 0 0 0.427 0 
0 0 0 0 0 0 0 0.427 0 
0 0 0 0 0 0 0 0.427 0 
0 0 0 0 0 0 0 0.427 0 
0 0 0 0 0 0 0 0.427 0 
0 0 0 0 0 0 0 0.427 0 
0 0 0 0 0 0 0 0.427 0 
0 0 0 0 0 0 0 0.427 0 
0 0 0 0 0 0 0 0.427 0 
0 0 0 0 0 0 0 0.427 0 
0 0 0 0 0 0 0 0.427 0 
0 0 0 0 0 0 0 0.427 0 
0 0 0 0 0 0 0 0.427 0 
0 0 0 0 0 0 0 0.427 0 
0 0 0 0 0 0 0 0.427 0 
0 0 0 0 0 0 0 0.427 0 
0 0 0 0 0 0 0 0.427 0 
0 0 0 0 0 0 0 0.427 0 
0 0 0 0 0 0 0 0.427 0 
0 0 0 0 0 0 0 0.427 0 
0 0 0 0 0 0 0 0.427 0 
0 0 0 0 0 0 0 0.427 0 
0 0 0 0 0 0 0 0.427 0 
0 0 0 0 0 0 0 0.427 0 
0 0 0 0 0 0 0 0.427 0 
0 0 0 0 0 0 0 0.427 0 
0 0 0 0 0 0 0 0.427 0 
0 0 0 0 0 0 0 0.427 0 
0 0 0 0 0 0 0 0.427 0 
0 0 0 0 0 0 0 0.427 0 
0 0 0 0 0 0 0 0.427 0 
0 0 0 0 0 0 0 0.427 0 
0 0 0 0 0 0 0 0.427 0 
0 0 0 0 0 0 0 0.427 0 
0 0 0 0 0 0 0 0.427 0 
0 0 0 0 0 0 0 0.427 0 
0 0 0 0 0 0 0 0.427 0 
0 0 0 0 0 0 0 0.427 0 
0 0 0 0 0 0 0 0.427 0 
0 0 0 0 0 0 0 0.427 0 
0 0 0 0 0 0 0 0.427 0 
0 0 0 0 0 0 0 0.427 0 
0 0 0 0 0 0 0 0.427 0 
0 0 0 0 0 0 0 0.427 0 
0 0 0 0 0 0 0 0.427 0 
0 0 0 0 0 0 0 0.427 0 
0 0 0 0 0 0 0 0.427 0 
0 0 0 0 0 0 0 0.427 0 
0 0 0 0 0 0 0 0.427 0 
0 0 0 0 0 0 0 0.427 0 
0 0 0 0 0 0 0 0.427 0 
0 0 0 0 0 0 0 0.427 0 
0 0 0 0 0 0 0 0.427 0 
0 0 0 0 0 0 0 0.427 0 
0 0 0 0 0 0 0 0.427 0 
0 0 0 0 0 0 0 0.427 0 
0 0 0 0 0 0 0 0.427 0 
0 0 0 0 0 0 0 0.427 0 
0 0 0 0 0 0 0 0.427 0 
0 0 0 0 0 0 0 0.427 0 
0 0 0 0 0 0 0 0.427 0 
0 0 0 0 0 0 0 0.427 0 
0 0 0 0 0 0 0 0.427 0 
0 0 0 0 0 0 0 0.427 0 
0 0 0 0 0 0 0 0.427 0 
0 0 0 0 0 0 0 0.427 0 
0 0 0 0 0 0 0 0.427 0 
0 0 0 0 0 0 0 0.427 0 
0 0 0 0 0 0 0 0.427 0 
0 0 0 0 0 0 0 0.427 0 
0 0 0 0 0 0 0 0.427 0 
0 0 0 0 0 0 0 0.427 0 
0 0 0 0 0 0 0 0.427 0 
0 0 0 0 0 0 0 0.427 0 
0 0 0 0 0 0 0 0.427 0 
0 0 0 0 0 0 0 0.427 0 
0 0 0 0 0 0 0 0.427 0 
0 0 0 0 0 0 0 0.427 0 
0 0 0 0 0 0 0 0.427 0 
0 0 0 0 0 0 0 0.427 0 
0 0 0 0 0 0 0 0.427 0 
0 0 0 0 0 0 0 0.427 0 
0 0 0 0 0 0 0 0.427 0 
0 0 0 0 0 0 0 0.427 0 
0 0 0 0 0 0 0 0.427 0 
0 0 0 0 0 0 0 0.427 0 
0 0 0 0 0 0 0 0.427 0 
0 0 0 0 0 0 0 0.427 0 
0 0 0 0 0 0 0 0.427 0 
0 0 0 0 0 0 0 0.427 0 
0 0 0 0 0 0 0 0.427 0 
0 0 0 0 0 0 0 0.427 0 
0 0 0 0 0 0 0 0.427 0 
0 0 0 0 0 0 0 0.427 0 
0 0 0 0 0 0 0 0.427 0 
0 0 0 0 0 0 0 0.427 0 
0 0 0 0 0 0 0 0.427 0 
0 0 0 0 0 0 0 0.427 0 
0 0 0 0 0 0 0 0.427 0 
0 0 0 0 0 0 0 0.427 0 
0 0 0 0 0 0 0 0.427 0 
0 0 0 0 0 0 0 0.427 0 
0 0 0 0 0 0 0 0.427 0 
0 0 0 0 0 0 0 0.427 0 
0 0 0 0 0 0 0 0.427 0 
0 0 0 0 0 0 0 0.427 0 
0 0 0 0 0 0 0 0.427 0 
0 0 0 0 0 0 0 0.427 0 
0 0 0 0 0 0 0 0.427 0 
0 0 0 0 0 0 0 0.427 0 
0 0 0 0 0 0 0 0.427 0 
0 0 0 0 0 0 0 0.427 0 
0 0 0 0 0 0 0 0.427 0 
0 0 0 0 0 0 0 0.427 0 
0 0 0 0 0 0 0 0.427 0 
0 0 0 0 0 0 0 0.427 0 
0 0 0 0 0 0 0 0.427 0 
0 0 0 0 0 0 0 0.427 0 
0 0 0 0 0 0 0 0.427 0 
0 0 0 0 0 0 0 0.427 0 
0 0 0 0 0 0 0 0.427 0 
0 0 0 0 0 0 0 0.427 0 
0 0 0 0 0 0 0 0.427 0 
0 0 0 0 0 0 0 0.427 0 
0 0 0 0 0 0 0 0.427 0 
0 0 0 0 0 0 0 0.427 0 
0 0 0 0 0 0 0 0.427 0 
0 0 0 0 0 0 0 0.427 0 
0 0 0 0 0 0 0 0.427 0 
0 0 0 0 0 0 0 0.427 0 
0 0 0 0 0 0 0 0.427 0 
0 0 0 0 0 0 0 0.427 0 
0 0 0 0 0 0 0 0.427 0 
0 0 0 0 0 0 0 0.427 0 
0 0 0 0 0 0 0 0.427 0 
0 0 0 0 0 0 0 0.427 0 
0 0 0 0 0 0 0 0.427 0 
0 0 0 0 0 0 0 0.427 0 
0 0 0 0 0 0 0 0.427 0 
0 0 0 0 0 0 0 0.427 0 
0 0 0 0 0 0 0 0.427 0 
0 0 0 0 0 0 0 0.427 0 
0 0 0 0 0 0 0 0.427 0 
0 0 0 0 0 0 0 0.427 0 
0 0 0 0 0 0 0 0.427 0 
0 0 0 0 0 0 0 0.427 0 
0 0 0 0 0 0 0 0.427 0 
0 0 0 0 0 0 0 0.427 0 
0 0 0 0 0 0 0 0.427 0 
0 0 0 0 0 0 0 0.427 0 
0 0 0 0 0 0 0 0.427 0 
0 0 0 0 0 0 0 0.427 0 
0 0 0 0 0 0 0 0.427 0 
0 0 0 0 0 0 0 0.427 0 
0 0 0 0 0 0 0 0.427 0 
0 0 0 0 0 0 0 0.427 0 
0 0 0 0 0 0 0 0.427 0 
0 0 0 0 0 0 0 0.427 0 
0 0 0 0 0 0 0 0.427 0 
0 0 0 0 0 0 0 0.427 0 
0 0 0 0 0 0 0 0.427 0 
0 0 0 0 0 0 0 0.427 0 
0 0 0 0 0 0 0 0.427 0 
0 0 0 0 0 0 0 0.427 0 
0 0 0 0 0 0 0 0.427 0 
0 0 0 0 0 0 0 0.427 0 
0 0 0 0 0 0 0 0.427 0 
0 0 0 0 0 0 0 0.427 0 
0 0 0 0 0 0 0 0.427 0 
0 0 0 0 0 0 0 0.427 0 
0 0 0 0 0 0 0 0.427 0 
0 0 0 0 0 0 0 0.427 0 
0 0 0 0 0 0 0 0.427 0 
0 0 0 0 0 0 0 0.427 0 
0 0 0 0 0 0 0 0.427 0 
0 0 0 0 0 0 0 0.427 0 
0 0 0 0 0 0 0 0.427 0 
0 0 0 0 0 0 0 0.427 0 
0 0 0 0 0 0 0 0.427 0 
0 0 0 0 0 0 0 0.427 0 
0 0 0 0 0 0 0 0.427 0 
0 0 0 0 0 0 0 0.427 0 
0 0 0 0 0 0 0 0.427 0 
0 0 0 0 0 0 0 0.427 0 
0 0 0 0 0 0 0 0.427 0 
0 0 0 0 0 0 0 0.427 0 
0 0 0 0 0 0 0 0.427 0 
